1717277163189717895     6.839862059904671e-05   -1.0117294171800719e-06 5.209540736977923e-06   2.1816027339592102e-06  -7.831833271281203e-08
1717277163233618339     6.840067456209926e-05   -1.011808895710235e-06  5.210351076854059e-06   4.135402110159661e-06   -6.770100131127828e-08
1717277163278716260     6.83952219519006e-05    -1.0118117382435067e-06 5.211116101506e-06      1.6659966993755172e-06  -7.372809904330182e-08
1717277163316518755     6.838074224194601e-05   -1.0118002131888204e-06 5.211768339525118e-06   4.130007600735011e-06   -6.553785800518503e-08
1717277163353414265     6.837849916966002e-05   -1.0117828257056573e-06 5.2126135800086275e-06  3.5009613798488395e-06  -6.763420589705898e-08
1717277163406979224     6.838655782584528e-05   -1.0117366115063888e-06 5.21357462633015e-06    2.8640742879153117e-06  -7.20215129230994e-08
1717277163442055357     6.840512283127547e-05   -1.011731813576877e-06  5.214606787014851e-06   2.1465262856917833e-06  -7.618209632226876e-08
1717277163479044749     6.841465989167365e-05   -1.0118212963037976e-06 5.215567790947175e-06   4.159604077589506e-06   -6.37263046264927e-08
1717277163521512332     6.841657406285223e-05   -1.0118331527362563e-06 5.2164436950822125e-06  1.6769494891367724e-06  -7.37601925309288e-08
1717277163553252166     6.839898419631965e-05   -1.0117798459527406e-06 5.217047759395581e-06   2.8122542132952642e-06  -7.721732446878985e-081717277163592083027     6.83870760469071e-05    -1.0118484859871409e-06 5.2177788831823e-06     3.0519906871785752e-06  -6.348301343853663e-08
1717277163632604303     6.837551885800967e-05   -1.0118363312884373e-06 5.218490207947005e-06   4.1197565999610314e-06  -6.526789083124275e-08
1717277163680951931     6.837302547798155e-05   -1.0118182134133426e-06 5.219325748780475e-06   3.4914431944027065e-06  -6.82348474961357e-08
1717277163703781544     6.838084232568473e-05   -1.0117715757195669e-06 5.2202716543874995e-06  2.8548756880617837e-06  -7.217775334109738e-08
1717277163748020081     6.839916736326652e-05   -1.0117663755205054e-06 5.221307559900976e-06   2.1378252573057168e-06  -7.597371524842099e-08
1717277163783077590     6.842789692423933e-05   -1.0118492232567337e-06 5.2224338887824775e-06  2.4337508306384583e-06  -6.30269853803577e-08
1717277163831397155     6.8429791622048e-05     -1.0117862735359487e-06 5.223357643858511e-06   2.162551939544033e-06   -7.86260165779566e-08
1717277163871169713     6.843118780309446e-05   -1.0118659304656929e-06 5.224162786490749e-06   4.116336515087368e-06   -6.775860721233604e-08
1717277163915122737     6.842534224116088e-05   -1.011786715367222e-06  5.224920119539556e-06   6.977637094792279e-07   -8.933074299040993e-08
1717277163965706007     6.841589427066684e-05   -1.0118568332697501e-06 5.225657855171599e-06   4.108977882909595e-06   -6.540176145345431e-08
1717277163993956659     6.841296528668864e-05   -1.0118385604400494e-06 5.226469110830422e-06   3.4812516010443817e-06  -6.912592274194242e-08
1717277164044899962     6.84203279865988e-05    -1.0117926570567022e-06 5.22740088343243e-06    2.8442773629090886e-06  -7.208475973096712e-08
1717277164102141141     6.843819865446107e-05   -1.011788107080836e-06  5.22844702029115e-06    2.1266592511840806e-06  -7.570100848032359e-08
1717277164152326845     6.844704484281004e-05   -1.0118778308815856e-06 5.229408796785578e-06   4.139709736385612e-06   -6.416583351826286e-08
1717277164186298366     6.844827147809947e-05   -1.011889900266035e-06  5.230264964394036e-06   1.6567100656264983e-06  -7.427222620939188e-08
1717277164251072966     6.842999819251269e-05   -1.0118367856148971e-06 5.2308615959388444e-06  2.792437212851745e-06   -7.720728462551364e-08
1717277164289630186     6.8417408833444e-05     -1.0119056126260054e-06 5.231593528752489e-06   3.031950845254006e-06   -6.356137099891317e-08
1717277164336802914     6.840517404181944e-05   -1.0118936332188573e-06 5.2322969003207104e-06  4.100012964039067e-06   -6.560994621292136e-08
1717277164373652562     6.840200599703532e-05   -1.011875660654675e-06  5.233122147727113e-06   3.4717632610370572e-06  -6.846193085060142e-08
1717277164432980837     6.840915112841065e-05   -1.0118291611104167e-06 5.234063188194548e-06   2.8352614729690804e-06  -7.228639572718164e-08
1717277164523538216     6.842680721775829e-05   -1.0118240888268318e-06 5.23509420462829e-06    2.1182648128857703e-06  -7.617325035849043e-08
1717277164545238721     6.845487061834125e-05   -1.011907050582709e-06  5.236212701603634e-06   2.414182528178039e-06   -6.326832024842528e-08
1717277164633046344     6.846799387954598e-05   -1.0118844494975101e-06 5.2372255700667325e-06  3.4987451003966945e-06  -6.75149013944651e-08
1717277164673070759     6.8480441556584e-05     -1.0119121421845416e-06 5.238167961464554e-06   3.774213107661408e-06   -5.9408980630820885e-08
1717277164740104853     6.84682487578782e-05    -1.0118438462651993e-06 5.238883817090344e-06   6.764506491996686e-07   -9.058193244072496e-08
1717277164779910261     6.845809404474808e-05   -1.0119100096461682e-06 5.239568795657757e-06   4.089756612077931e-06   -6.657684553317314e-08
1717277164838698930     6.843808928343293e-05   -1.011892194022453e-06  5.240287787246456e-06   7.691577891794463e-07   -8.859840825328681e-08
1717277164875852210     6.843106454143927e-05   -1.0119365224997388e-06 5.241000602978799e-06   2.363759853392554e-06   -6.782086608655212e-08
1717277164965671173     6.842863075201975e-05   -1.0119355794170894e-06 5.241805711590127e-06   4.298079559523728e-06   -5.283512857891971e-08
1717277165024288700     6.843265303916769e-05   -1.0119244898808495e-06 5.242736393420213e-06   4.140309672077791e-06   -6.289454227336556e-08
1717277165083947628     6.844692019717315e-05   -1.0118894557878253e-06 5.243725426112005e-06   3.510799709850231e-06   -6.776552445878513e-08
1717277165127861810     6.847142336449634e-05   -1.011823501642951e-06  5.2447996840040694e-06  2.8261687096277908e-06  -7.084369300964407e-08
1717277165158955701     6.849000408869546e-05   -1.0119458311219257e-06 5.245872109223057e-06   4.801389520289067e-06   -5.814553437598837e-08
1717277165205152996     6.84952327486011e-05    -1.0119578938867576e-06 5.2468003662894135e-06  9.069981432396238e-07   -7.86384830157381e-08
1717277165249819913     6.847926329185123e-05   -1.0119155202693169e-06 5.247426218312681e-06   2.0850846614054458e-06  -8.20888066256831e-08
1717277165285126972     6.84746334537313e-05    -1.011955227133386e-06  5.248188029560943e-06   2.3492556690819798e-06  -6.831820497054376e-08
1717277165326068253     6.844666696635239e-05   -1.0118914013928203e-06 5.24879558856889e-06    2.079064421979673e-06   -8.142820388656325e-08
1717277165370460008     6.843802177658723e-05   -1.011891957361976e-06  5.249524329137416e-06   1.3623647638766739e-06  -8.431562357831853e-08
1717277165411846354     6.84398761006612e-05    -1.0119832596014247e-06 5.2504050085984535e-06  1.6423249728635222e-06  -6.978893522363035e-08
1717277165457467717     6.844745002465033e-05   -1.0119761950613594e-06 5.251325572476276e-06   3.778848954278077e-06   -5.5600553137424375e-08
1717277165483613706     6.845990463291707e-05   -1.0119686110676648e-06 5.252283527166071e-06   4.809873720129486e-06   -5.823461733557012e-08
1717277165517852797     6.848130479627817e-05   -1.011942670391928e-06  5.253338965020474e-06   4.1807351180855564e-06  -6.174186281281627e-08
1717277165582481494     6.850860500668788e-05   -1.0118697419395832e-06 5.254494205558261e-06   2.119276362752954e-06   -7.48169515804211e-08
1717277165625129649     6.852368733605702e-05   -1.0119799201485414e-06 5.25552185821227e-06    4.124684871969204e-06   -6.503140559316514e-08
1717277165671088524     0.0012230725255172874   -1.011272281578243e-06  6.307706630669164e-06   0.03351417620486505     2.6244315593138494e-05
1717277165721676771     0.0035333219278278405   -1.0074355175664718e-06 6.9175451155176215e-06  0.06760490069736691     -1.4153433027949884e-05
1717277165748284322     0.006998873246567091    -1.0015804716571509e-06 6.589759962539046e-06   0.1016250469388676      -2.1381832384670536e-05
1717277165806254898     0.01161988550414238     -9.905088744928293e-07  6.604479794793084e-06   0.135620578553916       -3.5247313827785245e-06
1717277165847177898     0.017396365313270018    -9.73474481608127e-07   6.924375794699041e-06   0.16961034391523291     -5.800797374878237e-06
1717277165888268433     0.02432831882012852     -9.532377805571933e-07  6.974381055176939e-06   0.2035977461798311      -1.3637241068581857e-05
1717277165922012148     0.03241575011651528     -9.262544975976792e-07  6.978946951622246e-06   0.23758403433539893     -9.47949449624509e-06
1717277165978998960     0.04165866339421376     -8.879772558083603e-07  7.126633009041167e-06   0.2715698089377106      -7.791784293237026e-06
1717277166022213980     0.05205706284328698     -8.386699854730666e-07  7.2087039296990235e-06  0.30555533793639594     -1.1598165339999643e-05
1717277166066558152     0.06361095258355884     -7.789873414666126e-07  7.21825848514224e-06    0.33954072002545893     -1.1211304840283328e-05
1717277166105122463     0.07632033549974647     -7.062086550343722e-07  7.295435133207895e-06   0.37352615661882077     -8.906603688007936e-06
1717277166148818604     0.09018521549939332     -6.167463673857036e-07  7.395721495841021e-06   0.40751172862174456     -9.87671488253579e-06
1717277166188684442     0.10520559680926997     -5.086801658366632e-07  7.44340375202006e-06    0.441497393473393       -1.1296666704758304e-05
1717277166220418901     0.12138148325611724     -3.80564381356403e-07   7.477015941368442e-06   0.47548310622430834     -1.0968080099446243e-05
1717277166256414567     0.1387128789039679      -2.2977998099290098e-07 7.5277972926714e-06     0.5094688852451823      -1.0676664089975703e-05
1717277166305876288     0.15719978760874254     -5.374253202681955e-08  7.57583732826131e-06    0.543454731446052       -1.095811049044794e-05
1717277166332266104     0.1768422130421675      1.4969039797263014e-07  7.614928178064639e-06   0.5774406543461155      -1.104091467750925e-05
1717277166371126195     0.19764015864933523     3.8434325092779605e-07  7.652209160901473e-06   0.61142677090395        -1.1130634061558561e-05
1717277166414982247     0.21959362830778892     6.527330584174651e-07   7.683628903000168e-06   0.6454130489054201      -1.1461762510817166e-05
1717277166455771411     0.2427026264573671      9.574099202112053e-07   7.707612160861724e-06   0.6793994024860522      -1.162050245254015e-05
1717277166494631372     0.2669662476358166      1.3025720266802869e-06  7.793898885251858e-06   0.7135068270936996      -6.3651285706250615e-06
1717277166539372121     0.2923844790352688      1.69395742426632e-06    8.028186622266928e-06   0.7478894767246287      -1.17022983349839e-05
1717277166568312607     0.3189581817941478      2.1315775197472147e-06  8.02801947547091e-06    0.7823080715381455      -2.1499180080261936e-05
1717277166597093084     0.34668741364917915     2.6148446872492872e-06  7.954451873458131e-06   0.8167480076862299      -2.2364003695465163e-05
1717277166650169455     0.3755721449357049      3.1499807570007326e-06  7.967388000363626e-06   0.8512137475564424      -2.386529787802723e-05
1717277166678819076     0.4056123629260066      3.73515552008018e-06    7.94521393530005e-06    0.8857060680347115      -2.9034016916309218e-05
1717277166720160588     0.4368080626109835      4.3697207169270175e-06  7.868435520178655e-06   0.9202241479311237      -3.23460423867127e-05
1717277166764485700     0.4686089002706046      5.060983643425726e-05   0.0036582500599290245   0.9382160760217612      0.2344624270575067
1717277166830703725     0.5009543951633949      0.0003952654413375888   0.01784871737461847     0.9548404794410237      0.5590597682946874
1717277166859128585     0.5338532325145234      0.0013624682782821045   0.040474481851940934    0.9719208561740825      0.7321003793694207
1717277166913734842     0.5672909686551911      0.003164615567205186    0.06811893492977769     0.9892374617238564      0.8904067414757981
1717277166949099559     0.6010880538764032      0.006001461614968652    0.10195923878895662     1.0028783365370453      1.0826591784860142
1717277166990386205     0.6347527404391213      0.010035537571633139    0.13892987922154396     1.0051471608403388      1.0472088603462015
1717277167027374612     0.6682575176077877      0.015314428941865332    0.17235581111642886     1.006538220184311       0.9381977897995856
1717277167072710063     0.7015749524428034      0.02167709182136833     0.2047752175188172      1.0077618835566968      0.9844421529689216
1717277167096268613     0.7346571577884943      0.029155657566038717    0.23945105668465747     1.0086559356042903      1.0347485681315518
1717277167134190415     0.7673719670083418      0.037754397524560494    0.2743360844657075      1.0119121990025093      1.0176449369183258
1717277167162994140     0.7997259304386144      0.04744032028652538     0.30948808319043025     1.0114307799591886      1.0513190244912596
1717277167206886036     0.831625996654837       0.05828791607074552     0.3461555660162322      1.0115620698877392      1.0957453981620835
1717277167241181078     0.8630070119091086      0.07030158590528165     0.3840201435118518      1.0113269352285092      1.1227516043192305
1717277167291773599     0.8938502667759903      0.0834826627917106      0.4226018506401679      1.0112791152796963      1.1392730018216453
1717277167319296499     0.9241253645633183      0.09783686159863976     0.46162831267860677     1.0113054864729785      1.1494799262533566
1717277167355716248     0.9537965322478489      0.11335905743495212     0.5009070735141027      1.0112457260167558      1.1549518020730036
1717277167416246960     0.9828244484683605      0.13002904983042796     0.5403278722044438      1.0113135293500588      1.158791498948225
1717277167444169978     1.011166147133326       0.1478368022793803      0.5798402953284171      1.0108609551929382      1.1599444589509766
1717277167499105705     1.0387863936351158      0.16675207885129703     0.6193068228940046      1.0104136063507498      1.1570058413910491
1717277167534479354     1.0656494740338407      0.18674720903277567     0.6586518236505379      1.0099121404155655      1.1536333054775483
1717277167563213915     1.0917056032073866      0.20778680330610744     0.6979383759176354      1.0062935532463664      1.1558918900335107
1717277167609762673     1.1168812521587739      0.22979871512928712     0.7375882197014338      1.0078913449435594      1.173195860974632
1717277167651643202     1.1411364902456238      0.25278872388135815     0.7777833941231852      1.0069341964827094      1.1872429377265021
1717277167683828850     1.1644202174928295      0.27671977220791844     0.8183727375184189      1.0060904805901925      1.196003502595312
1717277167732197277     1.1866993854000465      0.3015684053249374      0.8591558004305521      1.0055479149677204      1.1992895791767255
1717277167779256904     1.2079463338706915      0.3273113463333012      0.8999917072453438      1.0042313546394879      1.1996510131495646
1717277167809037595     1.228130812826432       0.35390824194369996     0.9407655559985862      1.0027155774950072      1.1958729801550692
1717277167850700451     1.247223141866962       0.38131010246060965     0.9812734542426247      1.0034388290115575      1.181785460834988
1717277167901933684     1.265245942132141       0.4095218383569804      1.0209968774896077      1.0069961176799396      1.1526082358347807
1717277167942133302     1.2822281558283881      0.43854282025950125     1.0595038069243083      1.005377548654651       1.1065542973294156
1717277167985649499     1.298161186429386       0.4682698005522109      1.0961371691181154      1.0076187679259656      1.0514338139959327
1717277168026599392     1.3130600161986241      0.49863370614022917     1.1312631958801462      1.0059757426814662      1.0247949180332376
1717277168063874842     1.3268997867996393      0.5295034753235518      1.166395311106189       1.0035040161444242      1.045873459501306
1717277168097147771     1.3396259012685754      0.5608297318363649      1.2022227087058863      1.0036900467879493      1.0567497215525898
1717277168125440528     1.3512254697603585      0.5925945761807839      1.2379252029250827      1.0033605919213364      1.042892713537855
1717277168181551592     1.3617024279307746      0.6247600621269758      1.2732445529525993      1.0015576577607668      1.038916179791976
1717277168210774231     1.3710374630596678      0.6572771019808373      1.3086919429738229      1.0007094096436975      1.045848826084854
1717277168243955488     1.3792284042419463      0.6901077165031279      1.344223668607012       1.0003428375737784      1.0418362231534226
1717277168298406800     1.3862920977634285      0.7232282227811885      1.3794933996989134      0.9991391287075472      1.031511102286712
1717277168333351539     1.392125964183653       0.7565997033940801      1.4144463788846524      0.998861670192148       1.023686034623818
1717277168380819192     1.3968015965724163      0.7901765005557951      1.4491443484964983      0.9984133937240152      1.0166566341320926
1717277168406588436     1.400327108981757       0.823914833375661       1.4835617584466767      0.9982321786590906      1.008515405980114
1717277168436491133     1.402702178411007       0.8577684743885587      1.5177634717274193      0.9983337315880654      1.0043980520484106
1717277168473305401     1.4039230667667009      0.8916925698546894      1.551862914163177       0.9983920609807533      1.0018032640106422
1717277168523240894     1.403989145669064       0.9256206740198962      1.5860724755320872      0.9960869865653051      1.0148975636842088
1717277168569294151     1.4028863746068825      0.9594964311209624      1.620897465999245       0.9951293823802704      1.031597681919116
1717277168608042936     1.4005989559850358      0.9932760151804633      1.6561346137953836      0.9947128003342456      1.0407980355815378
1717277168645099622     1.3971209330209324      1.02693365615279        1.6916225962642129      0.9944635523265246      1.046699260369524
1717277168679799241     1.3924488517456377      1.0604353735579355      1.727268719823936       0.9941354404488918      1.0491069842001057
1717277168718770154     1.3865840440499158      1.0937593818575102      1.762881299961378       0.9983590855674541      1.0415248913187178
1717277168763545010     1.379540734523477       1.1268756460912415      1.7980496508295996      0.9982669542258958      1.0275194844601632
1717277168795260638     1.3713377961601168      1.1597524563287513      1.8328755354703115      0.9983719404588028      1.0205128886956751
1717277168831848755     1.3619948163651792      1.1923491232596128      1.8674302285635516      0.9984084500179892      1.0120711297785507
1717277168893530879     1.3515317355292291      1.2246194064693012      1.9017500884678489      0.9992099086591492      1.007053558225743
1717277168934045056     1.33996632497483        1.2565327104239545      1.9358522424818612      0.9985520067666532      0.9992385273221381
1717277168959375538     1.3273200340331242      1.2880443661365515      1.969778951114997       0.9986092914326141      0.9955359436322543
1717277169000210744     1.3136119751046094      1.3191192320868164      2.0035862434173857      0.9986131801226845      0.9927838234370748
1717277169041072625     1.2988622984607823      1.349718317501017       2.0373094574561845      0.9993837121992568      0.9914916799257081
1717277169072929283     1.2830906380602174      1.3798039726758395      2.07098946510045        0.998865925037022       0.9920364337583278
1717277169112187291     1.266316101766933       1.409341080976244       2.104732445390588       0.9985875761022505      0.9927948529549857
1717277169153117334     1.2485625250749832      1.4382800915805098      2.138544035864872       0.99807794504775        0.9957476014075679
1717277169194981923     1.2298358156855125      1.4666103131859913      2.172398593690854       0.996610456184438       0.9956634478168243
1717277169225088189     1.2101672602747844      1.494278990584423       2.206307216426501       0.9984439974541958      0.9974153531272222
1717277169259216266     1.1895754874169593      1.5212584618579783      2.2402711712313095      0.9984856748187192      0.9993456547355862
1717277169310798791     1.1680843836850008      1.5475155144878692      2.274256651994767       0.9977305638779683      1.0006097749677
1717277169337405476     1.1457042001640414      1.573036792142869       2.3082576989722097      0.998245967347591       0.998850026031077
1717277169382112791     1.122475939882324       1.5977745364955287      2.34220139349751        0.9977472806929547      0.9975694472816597
1717277169435465771     1.098410400309935       1.6217229536873672      2.376043713311142       0.9987266194268046      0.9936073417614479
1717277169471681718     1.0735475415053395      1.6448463848477342      2.4097561329199584      0.9981608745722961      0.99027957919857
1717277169510865372     1.0479131300128974      1.6671261619685938      2.4433721419303285      0.9979506225649919      0.98758641904013
1717277169554246776     1.0215419092779086      1.6885328830901396      2.47691474517118        0.9979414424752755      0.9860584557527634
1717277169590051441     0.9944655879767246      1.7090439790280165      2.510412979469491       0.9979429596801689      0.984805344590711
1717277169623404636     0.9667156332733248      1.7286375380979464      2.5438746665524783      0.9979097091760445      0.9841428399962813
1717277169675678394     0.9383256490096503      1.7472900978069899      2.577332670309048       0.9978453684689095      0.9843120481471547
1717277169706552696     0.9093274438654624      1.764980413177497       2.6107818550315547      0.9978219427245238      0.9835041301879779
1717277169745428581     0.8797520861285634      1.7816912396437374      2.644201181637318       0.9978428096084324      0.9829431954170734
1717277169797797985     0.849634071389657       1.7974032248598646      2.6776049641850452      0.9980321805908277      0.9820855691974928
1717277169831240107     0.819008184176532       1.8120910066983034      2.710967560653603       0.9976826779976382      0.9810693163999299
1717277169896140966     0.7879187875213989      1.8257440771333877      2.7445114783067495      0.9979029061213279      0.9896244037127466
1717277169933722037     0.7563925623065082      1.8383421453649447      2.7781837723178713      0.9977353077727106      0.9896977925552979
1717277169968618478     0.7244512344849586      1.8498747104177509      2.8117281655495856      0.9975333920026432      0.9836734214527291
1717277169993393273     0.6921303548149251      1.8603177528715242      2.845135718381659       0.9975086027785036      0.9825485943175118
1717277170037622890     0.6594806472961986      1.8696745989087546      2.878591052211557       0.9974411322500558      0.9854501339189431
1717277170070320714     0.6265424275703101      1.8779323412136113      2.9121429262770158      0.9973956523118634      0.9877172160937218
1717277170118821480     0.5933492333916848      1.8850786443162588      2.9457561451442826      0.9972833563148767      0.9892398569259496
1717277170146329002     0.5599444774423794      1.8911389767329512      2.97946287552557        0.9978931399814344      0.9938049059554744
1717277170178641951     0.5263695079277413      1.8960601832629689      3.013338714507059       0.9981416540161019      0.9979709750869122
1717277170223689853     0.49265953643248306     1.8998153472284456      3.0473662231211756      0.99861168036425        1.0025653544435502
1717277170269392984     0.45885506943839793     1.9024193334847064      3.081574669887622       0.9991181214204724      1.0077077241020178
1717277170298512618     0.4249958340751584      1.903860671415939       3.1159700491404263      0.9996341049512735      1.0131276086208842
1717277170343349469     0.39112328981364        1.9041300066950388      -3.1326155815706254     1.000139275219804       1.0190731693937323
1717277170384798402     0.3572778812630284      1.9032209768974533      -3.0978168183866353     1.0006534124145088      1.02437117123701
1717277170413585568     0.32349924413435144     1.9011357397355417      -3.062828000589365      1.0011213908530598      1.0301902160530765
1717277170458919263     0.2898313403710377      1.8978662567060391      -3.027624105912399      1.0015529038665596      1.0363114689302049
1717277170497128092     0.2563132764125462      1.8934102063132427      -2.9922427757670906     1.001887804078584       1.0404403661412092
1717277170528342131     0.2229843092252669      1.8877698615375036      -2.956726113622007      1.002167803724486       1.0446825502447352
1717277170578855883     0.18988859862731197     1.8809487020562543      -2.921053580402909      1.0023685087089047      1.0490315420592269
1717277170611107793     0.15706551460615575     1.8729511549920845      -2.88527505988345       1.0025331559453596      1.0510217506606208
1717277170651786482     0.12455315362057819     1.8637842744896747      -2.8494393107992346     1.0026288740611178      1.053036073413887
1717277170694113833     0.09239514131443921     1.8534585044925327      -2.8135271477753228     1.0026354947481988      1.0551072987394978
1717277170738199360     0.06062998955458799     1.8419847383498924      -2.777588622365366      1.0026013178252746      1.0548513737011138
1717277170770371988     0.02929421694056385     1.8293761989646553      -2.741674384749854      1.0024997335327275      1.054383095892748
1717277170815734772     -0.0015714169122384304  1.8156499141277591      -2.705776087520049      1.0023133324706517      1.0537549441162524
1717277170857934307     -0.031930493533795484   1.8008232304339353      -2.6699372531599046     1.0020813480426904      1.0512697439481786
1717277170897372178     -0.06174978721498879    1.7849100457411564      -2.634187913377135      1.0014339971797448      1.0510489165267227
1717277170930188291     -0.09096586010925142    1.7679587459783135      -2.5983354764012536     0.9987224123228566      1.0567042617518079
1717277170977835489     -0.11953547220047679    1.7499727147316158      -2.5621941261434245     0.9987142396339106      1.0660777803064831
1717277171013374531     -0.1474161541077314     1.7309701253100376      -2.5257361567469174     0.9981562753959333      1.0757323269107872
1717277171045490579     -0.17457721270709947    1.7109651233361198      -2.4891230725954197     0.9974953230357175      1.0757480183635788
1717277171092635825     -0.2010051677012733     1.6899666183668929      -2.4526679190020055     1.0007158121539355      1.0668104654205122
1717277171139731135     -0.2266743433999454     1.668010881516613       -2.4166188271786546     0.9997523449543091      1.0517330107663196
1717277171167291991     -0.25157468804105765    1.645122907511428       -2.3810952329199817     0.9995854360574457      1.036666837888945
1717277171208805190     -0.27568232672842397    1.621343807430555       -2.3460322953468906     0.9989122649929789      1.0263026533758963
1717277171251880352     -0.2989657095554413     1.5967167901058625      -2.31129094822322       0.998793038088009       1.0166141083654996
1717277171285450316     -0.32140545962480727    1.5712802145216904      -2.2768990303335346     0.9983966784606796      1.0065716106421416
1717277171329897854     -0.342980526922891      1.5450710407860762      -2.2428178099363207     0.9980041315620123      0.998788759005611
1717277171367747515     -0.36366092877925005    1.5181368755291293      -2.208955786006951      0.9982767370527468      0.9937076491000083
1717277171408431450     -0.3834292923277144     1.4905088317297173      -2.1752414415647414     0.998380156732706       0.9898670291175117
1717277171448877437     -0.40225079981307954    1.4622406497821392      -2.1414999907492955     0.998104952391886       0.9972011582533669
1717277171489775518     -0.42009747398670577    1.4333626922033418      -2.107429257991788      0.9984788257183577      1.0066944005728458
1717277171520260758     -0.4369307161603391     1.403916307306395       -2.0730266078287474     0.9953536985854099      1.0163049919475886
1717277171571185734     -0.4527263316950393     1.3739253116951253      -2.0383445845894057     0.9951086449981139      1.0233800149908567
1717277171612271617     -0.4674632852667183     1.3434164274159937      -2.003478770141404      0.9948543543782999      1.0264344971248285
1717277171657052696     -0.4811264157550163     1.3124148347272508      -1.9685889811502146     0.9947693298289263      1.0253633543713434
1717277171697098666     -0.49370828879612355    1.2809416292934097      -1.9338211461415535     0.9980516076592498      1.0197772991215193
1717277171722481899     -0.5051985835434136     1.2490387312432085      -1.8992704630101507     0.9988456414165112      1.0133990773020365
1717277171764156205     -0.5155965657168267     1.2167258201572146      -1.8650106044153778     0.9987850311583578      1.0009207087226393
1717277171814389678     -0.5248953909798911     1.1840592994255694      -1.8312015897576934     0.9987944740752451      0.9897727510341839
1717277171847652660     -0.5331004178136811     1.1510814881882296      -1.7976268424321213     0.9986531534389331      0.9865395929157625
1717277171913200244     -0.540193892304857      1.1178444229787015      -1.7640814597551695     0.998824428081636       0.9870906480864212
1717277171953174984     -0.546170511382334      1.0843898526860007      -1.7305109759762074     0.9987764245641251      0.9874154671079707
1717277171982152320     -0.5510227851058318     1.0507545575447264      -1.6969493827626687     0.998748586949704       0.98689717975033
1717277172021713867     -0.554745009384737      1.016976903600354       -1.6633856851484636     0.9986988117951877      0.9875785870200616
1717277172074780118     -0.5573322322864194     0.9830966820060912      -1.6297990144353087     0.9986527824849355      0.9877179906133329
1717277172117763598     -0.5587810088273745     0.9491543516542557      -1.596186355562856      0.9987559498678797      0.9905953688478997
1717277172154194029     -0.5590851440281023     0.9152011760273633      -1.5623562127576667     0.9987534414831354      0.998426698784806
1717277172174524470     -0.5582363804637464     0.8812777278087826      -1.5282734497766712     0.998542691943274       1.0048212275382247
1717277172219038114     -0.5562292239082005     0.8474175744621407      -1.494027061705383      0.99837802960012        1.008111573097102
1717277172266225133     -0.5530612808777453     0.8136537560167979      -1.4596940883874496     0.996017276959031       1.0101732403902832
1717277172315623532     -0.5487347238304364     0.7800245017118584      -1.4253222026495913     0.9954732345516883      1.0097881390725594
1717277172357042625     -0.5432540372886014     0.7465577500387194      -1.391045904764161      0.9959509104685509      1.0055627863775791
1717277172390470146     -0.5366288438686697     0.7132885583045078      -1.3569104394637794     0.998153923230084       1.0015985088342547
1717277172437142543     -0.5288699595870998     0.6802478002860975      -1.3229656901809423     0.9979434952664459      0.9949634278073481
1717277172460385155     -0.5199933128463351     0.6474742693175523      -1.2892508039822859     0.9977096239794017      0.9892459660474295
1717277172513494340     -0.5100156882716523     0.6150058585295619      -1.25569872094985       0.997728489886548       0.9851057924759655
1717277172543110613     -0.49895321339647514    0.582882807737315       -1.2222661949845677     0.9976504183243026      0.9823258979138669
1717277172580384204     -0.4868220137292134     0.5511432347884566      -1.1889023780696968     0.9976805396923034      0.9809910073947289
1717277172610391064     -0.4736374805413171     0.5198252989291651      -1.155569145911395      0.9975604890092895      0.9802659481141186
1717277172659317543     -0.45941962845663425    0.4889747820801423      -1.1221979825905557     0.9982702119994145      0.9830966186028162
1717277172686769869     -0.4441791779571645     0.4586208027767776      -1.0887085275487358     0.9977611870073776      0.9872020931798591
1717277172735458087     -0.42792916060425323    0.4287976430890642      -1.0551163438232898     0.9973349146495101      0.9882134597743045
1717277172764896643     -0.410686507587041      0.39953935888227027     -1.0215438053892758     0.9973078444381782      0.9872060724256935
1717277172804769554     -0.39246974248941247    0.37087573813341995     -0.9879831109662884     0.9972987341793109      0.9874096107885332
1717277172833646242     -0.3733003243150786     0.3428404394157649      -0.9544236500984519     0.9973548531597118      0.9867561982734364
1717277172873388752     -0.35319864178907584    0.3154614588122821      -0.9209011287947226     0.9974086597748806      0.9857540232097661
1717277172928651213     -0.33218901255936595    0.28877085255221596     -0.8873849574547297     0.9974093126593826      0.986198482014243
1717277172976994563     -0.3102961343849642     0.26280075981608464     -0.8538620642200521     0.9974666347913765      0.9857621118237042
1717277173010870720     -0.2875429636591964     0.23757698137624259     -0.8203696141932688     0.9975262688026181      0.9849011894131586
1717277173057582373     -0.26395651317014523    0.21312867803100694     -0.7868826862186743     0.99753755225752        0.9852764398630051
1717277173094302250     -0.2395642451520038     0.18948505656181447     -0.753389290245411      0.9975929647272646      0.984980470899612
1717277173143388042     -0.21439210090226976    0.166670229164962       -0.7199173515323182     0.9976503145607947      0.9843669834814806
1717277173174424885     -0.18847326447521134    0.14471589792118714     -0.6864341220001693     0.998077791781371       0.9857687024518319
1717277173201870003     -0.16183642087138025    0.12364394496578726     -0.6528786630433124     0.998386788455361       0.9878914020656471
1717277173248892276     -0.13451122978470426    0.1034824324944775      -0.6192468794855845     0.9986952221205351      0.9902955952152748
1717277173283578461     -0.10652751503773343    0.08425622921098533     -0.5855279429882324     0.9989463980760862      0.9927957985556679
1717277173323997717     -0.0779151870824195     0.06598864047510122     -0.5517301700385312     0.9991484082717014      0.9949845220352053
1717277173361872619     -0.04870560556754671    0.04870235345051154     -0.5178558109195548     0.9992931620462611      0.9972095627047062
1717277173401602473     -0.018930152283977184   0.0324181578047087      -0.48392224664847694    0.9994029008405465      0.9983373080078097
1717277173442772063     0.011380029969722826    0.017154153517958574    -0.44996429849262104    0.9994667355195125      0.9990419256016043
1717277173497441503     0.04218976746354469     0.0029292398079756882   -0.415972240520033      0.9994710434353126      1.0001385652194905
1717277173540459300     0.07346528661874314     -0.01024041624864611    -0.3819692841049903     0.9994560860316144      0.9995529943426236
1717277173578365590     0.10517403429504561     -0.022341847484228305   -0.348003812280825      0.9993999411194423      0.9985485061710101
1717277173621567727     0.13727778089698184     -0.03336084926247935    -0.3140546152974299     0.9992864645300674      0.9983109509987085
1717277173648004193     0.1697291082325623      -0.043279469312610314   -0.28002551677934084    0.9969929665266217      1.002561900534879
1717277173690695447     0.20248541248087365     -0.052082028180718755   -0.2458355571403782     0.9984977439200047      1.0086031798964492
1717277173729979385     0.2355223895487502      -0.05975680572071046    -0.21149093591977203    0.9989763127272534      1.0113477452970725
1717277173795935245     0.26879071634191287     -0.06628909796443472    -0.17705243362755552    0.9960689132901244      1.0131942900129232
1717277173831241057     0.3022761808762208      -0.07167538507989112    -0.1426776069039383     0.9984515533501565      1.0093779293249707
1717277173863840047     0.33594074831295595     -0.07591268579576671    -0.10848646758273807    0.9977863505097757      1.0025613225055356
1717277173905762110     0.3697568197798962      -0.07900411225431887    -0.07455951043565875    0.9981238793882415      0.9930304744644813
1717277173944356885     0.4036723061528685      -0.0809537658136832     -0.04090806177114966    0.9983665802173153      0.9884392778399445
1717277173977639552     0.437635583859209       -0.08176214554407878    -0.007243272870285408   0.9983381907260281      0.9922794487756113
1717277174008989645     0.47159438322965636     -0.08142434859189494    0.026571501051059123    0.9983691766841826      0.997200803849339
1717277174046813372     0.5055056703300738      -0.07993766437399115    0.06058949433637713     0.998197894480119       1.0038717470717509
1717277174092015431     0.5393256743094239      -0.07729687457863708    0.09484504965976052     0.9953708051017707      1.0114632177395555
1717277174140932921     0.5730181264908223      -0.07349680700327879    0.12935779178271825     0.9979464741342747      1.0189104412548926
1717277174181722594     0.606542486258955       -0.06853544676961769    0.16410460278864833     0.9977308094845672      1.0242050938897782
1717277174217291884     0.6398587528936344      -0.06241297514248364    0.19901759753055295     0.9944770454321855      1.0280586980044057
1717277174249308197     0.6729331653154601      -0.0551317641517891     0.2339969070311415      0.9945287308126296      1.029868183766524
1717277174294387613     0.7057372173299463      -0.04669768676688535    0.2689726309135531      0.9972582167166782      1.0288005362241817
1717277174341117105     0.7382375029251613      -0.03712099341502455    0.30386285345570907     0.9976785406975849      1.0238937830243404
1717277174367207219     0.7703938340863636      -0.026418431690639625   0.33860399919273365     0.9946914545693651      1.0198479073600142
1717277174409213824     0.8021653978927834      -0.014605227273510693   0.37324113008786347     0.9974639384540385      1.0176777419894218
1717277174454649328     0.8335225359214522      -0.0016983470488033114  0.4077637204890728      0.9977619109355887      1.013814479106938
1717277174478330600     0.8644432031872636      0.012292580052610401    0.4420034285479709      0.9983302488499929      1.000609099354387
1717277174521091760     0.8948889972291337      0.027331128471174478    0.47588855332367025     0.9984647695318735      0.9937595363347453
1717277174549096409     0.9248208078457124      0.04339256598821186     0.5096133073094513      0.9987013637128344      0.9904111296374365
1717277174579143153     0.9542015543946143      0.060456741904548195    0.5432559096468962      0.9987038044063327      0.9889616191643705
1717277174615687010     0.9829932967133114      0.07849824343480556     0.5768768915934024      0.9986704193287437      0.9886925746049071
1717277174669173375     1.0111576411070107      0.09749021771109884     0.6105002055989542      0.9989813234055567      0.9912025947674319
1717277174711113252     1.0386581635825698      0.11741610890292457     0.6442698357443027      0.9982240567191526      0.9962085773873816
1717277174754832457     1.0654610150381698      0.13825612688240496     0.6782189448408692      0.9986906975789764      1.0004961157271801
1717277174798556118     1.0915203301248262      0.15998070427220268     0.7123669770674117      0.9986884822525612      1.0066979793289852
1717277174830839034     1.1168130631781736      0.1825797685423182      0.7466535137376337      0.9956655098799423      1.0089720717528352
1717277174860247946     1.1413087235939898      0.20602794696342272     0.7809722425537595      0.9955617071382254      1.009407756345695
1717277174922243502     1.1649874647760114      0.23030627812592827     0.8152911806467243      0.9954605781895878      1.0079892161100072
1717277174952510317     1.1878210545696395      0.2553851541816532      0.8495192616046522      0.9981766672950436      1.0043951798014448
1717277174999142781     1.209794424698046       0.28124002754281857     0.883547853180326       0.9981061085857295      0.9970419359959463
1717277175042102483     1.2308908800549356      0.30784312836538735     0.9173441592658318      0.9977356818111691      0.9915566741541106
1717277175077684688     1.2510841198794207      0.3351487210030267      0.9509776650771493      0.9976952872284577      0.9874635649610001
1717277175122927397     1.2703540637879753      0.3631239807837479      0.9844797645378085      0.9977456809212919      0.9839584458161901
1717277175157880885     1.288679942342885       0.3917338963254619      1.0178980088381546      0.9977144411256536      0.9827272390499926
1717277175194623190     1.306035202412797       0.4209343706583802      1.0513084537279267      0.9982006304463658      0.9830564356354388
1717277175240143050     1.3224071908027586      0.45070439518774885     1.0847135883497978      0.996040711595505       0.9821118003456846
1717277175271603512     1.3377672003680503      0.48099510366630427     1.1182617165139304      0.9979533045197034      0.988785545432179
1717277175304004230     1.352100564521521       0.5117868806507558      1.1518630330518733      0.9975295239152447      0.9867450273787555
1717277175350369160     1.3653962333939698      0.5430504716652773      1.1853322451405277      0.9974483342483144      0.9823787507981144
1717277175395578370     1.3776437302039137      0.5747511532159185      1.218661809036624       0.997582790020893       0.9787141111938159
1717277175428062579     1.388831059049341       0.6068499894361328      1.251888218395913       0.997700661581565       0.9760906577329482
1717277175462895873     1.3989481267361785      0.639309221528272       1.2850339191159585      0.9977440834664303      0.974102694579207
1717277175497671954     1.4079850901436803      0.6720901319742183      1.318132369020433       0.9977554239004699      0.9732810778805141
1717277175536372128     1.415932669579335       0.705153573412863       1.3512221988883142      0.9979040542432793      0.9742815647317689
1717277175580798698     1.4227816399857234      0.7384526642089488      1.384443291935671       0.9979384877794444      0.9809283559622742
1717277175627084712     1.428509153886617       0.7719437409684359      1.4178913740102674      0.9978579007621036      0.9865685615252542
1717277175669139348     1.4331091715134427      0.8055965639714617      1.4514853870283686      0.997814950670491       0.989800656572492
1717277175697251479     1.4365735472220729      0.8393777513884352      1.4851792754397788      0.9977754722623986      0.9925758033967375
1717277175751165890     1.4388946567998846      0.8732487415867966      1.518957457298051       0.99786728799392        0.9944562291648915
1717277175790752634     1.4400702276136346      0.9071758681103568      1.5527821404680426      0.9979459470302589      0.9954009321408176
1717277175818351633     1.4400979858417662      0.9411216467880383      1.586646304067709       0.9979207299699957      0.9968879007557107
1717277175862848521     1.438975584717756       0.975045678305001       1.6205545943392448      0.9979028064394615      0.9975037756588775
1717277175897592829     1.4367040531078084      1.0089132932410056      1.6544505625179755      0.9979225635668532      0.9966482259861769
1717277175940680942     1.4332860984363391      1.04268597418401        1.6883366902402837      0.9979236594373935      0.9971017852712675
1717277175981619493     1.428725761113057       1.0763223611201442      1.7222414460854236      0.9979196726009679      0.9971916316145437
1717277176025255590     1.4230281663954587      1.1097870576467033      1.7561211786353181      0.9979481144114061      0.9960740273521284
1717277176055627278     1.4162002380313783      1.143041869999394       1.7899816700451099      0.9979585632798802      0.9962046613570519
1717277176103933555     1.4082519055612466      1.1760402994355077      1.8238658010596127      0.9977695192571289      0.999246739735076
1717277176136631963     1.3991922032508073      1.2087305954085032      1.8579757292929298      0.9982058962458434      1.0092693148797676
1717277176168678037     1.3890226006863855      1.2410735445590573      1.892437817056019       0.9974602132084388      1.0190953340600017
1717277176229803950     1.3777447246325978      1.273023484047409       1.9272157945554802      0.997622057024498       1.0250595380799072
1717277176260033267     1.3653653984328602      1.3045429058629665      1.9621747048343965      0.997576321795699       1.02833964655381
1717277176296936433     1.351890941479198       1.3356071505325111      1.997177207936228       0.9945971691981692      1.0281550631475886
1717277176351309275     1.3373357734988203      1.3661865003129505      2.032097570754223       0.9941617438743564      1.0238068795226416
1717277176389135609     1.3217167400552134      1.396256216620317       2.066815089579219       0.9950037825993532      1.0168767643226815
1717277176421482101     1.30505743583469        1.4257874667164006      2.101264291005331       0.9977896801081381      1.0081994797012817
1717277176461583420     1.2873838085648872      1.4547502040136593      2.1354114199267493      0.9979108804197112      1.0007560215961904
1717277176502708451     1.2687251462699352      1.4831123530695065      2.1693565817148603      0.9978371279233722      0.9964179986588995
1717277176528254552     1.2491132764270287      1.5108323316045644      2.203175652618887       0.998102638713841       0.9932749520721759
1717277176577770323     1.228573217605547       1.5378806253248793      2.2369158396360223      0.9986858061177247      0.9927121596043994
1717277176615657935     1.207132475484195       1.5642234488024185      2.2706809591727004      0.998202904263244       0.9936430384131429
1717277176652760949     1.1848216676721535      1.5898173797166681      2.3045390352974007      0.9955410695436859      0.99752872807533
1717277176680054076     1.1616646601411007      1.6146316076945442      2.338523694354819       0.9953895178262142      1.0021667715559035
1717277176723123895     1.1376786689177472      1.6386414149556299      2.372658222463775       0.9978174921347138      1.006844149285093
1717277176757709321     1.112894860630141       1.661808934265033       2.4069451371886785      0.9981915799467365      1.0096136978282622
1717277176794135286     1.0873356739643072      1.6841080391043546      2.4413045789744157      0.9980967877059408      1.0099530975549196
1717277176841218832     1.061028452368858       1.7055135213839048      2.4757017300254334      0.9980600313850645      1.0108754181059447
1717277176880968584     1.0339998816146008      1.7260028617141363      2.510082176632177       0.9951265041026589      1.0097108675509847
1717277176940116666     1.0062819946366015      1.7455539747935456      2.5443665969553724      0.9952186155480877      1.0076319263325517
1717277176989187937     0.9779002198522407      1.7641531538797859      2.5785704314890148      0.9985432153238427      1.0056869379701923
1717277177023364334     0.9488841403001408      1.7817880846428888      2.612603830890447       0.9987139074098286      0.9965880764989916
1717277177069806412     0.9192760414666068      1.7984330890836997      2.6463653792185875      0.9985792431798876      0.9904881328346474
1717277177117170527     0.8891170599428472      1.8140808045717358      2.6799862815959057      0.9986568249861422      0.9877967569002968
1717277177158055801     0.8584466651853845      1.8287078408727353      2.7135626187607866      0.9986786944316638      0.9874713412417373
1717277177199066532     0.8273041707368508      1.8422980417919266      2.7471415396831356      0.998633631663051       0.9877906789300024
1717277177235444512     0.7957248259255905      1.8548353217957538      2.7807222243959564      0.9986028044109448      0.9873856708214009
1717277177278953585     0.7637425487768698      1.8663066087485272      2.8142833944272168      0.9968887053356599      0.9874230489313628
1717277177317387906     0.7314019033140357      1.8766934781371354      2.847942679645251       0.9967721425104561      0.9916535147466526
1717277177353258657     0.6987449311063356      1.8859787277784688      2.8817727411632683      0.9966548384485272      0.9969184543665911
1717277177387893019     0.6658074218587391      1.8941478679386987      2.9157448154172156      0.9961273380369795      1.0010245838666016
1717277177443596807     0.6326183671818811      1.9011882047818283      2.9498265159423323      0.9958670272005171      1.0044478635423335
1717277177486017090     0.5992089375386018      1.9070905649071017      2.983984076928672       0.9955962129459486      1.004229159379077
1717277177513262614     0.565621136174976       1.9118467515000312      3.018114948399058       0.9981332227052857      1.0026005494130814
1717277177554636754     0.5318843264717572      1.9154539964275248      3.0521514603767517      0.997959534926376       0.9996306974615756
1717277177613171771     0.49803425210103514     1.9179143218682513      3.0860481575460788      0.9979939013905375      0.9943329540890002
1717277177630555238     0.46412102790584253     1.919228856133042       3.119849881810669       0.995379225415173       0.9991945350333202
1717277177668943121     0.4302166819391182      1.919384119038804       -3.129034066239211      0.9979601106152428      1.0157319472456656
1717277177705824828     0.3963450087569747      1.918369433445529       -3.094432853495452      0.9973330260193701      1.017540102525612
1717277177759288205     0.36252143313385465     1.916178049373064       -3.0599464671967422     0.997311749392872       1.0103104882685825
1717277177797401859     0.32877324056803076     1.912826852028133       -3.025735016267198      0.997414801517183       1.0029588056734104
1717277177849097878     0.29514178697859267     1.9083265528561406      -2.991728613461774      0.9975222277823639      0.9981230381963158
1717277177879170672     0.26167127338184504     1.9026872526689278      -2.95785102871688       0.9975990012943042      0.9952816655739165
1717277177917621427     0.228404093486743       1.8959189282845783      -2.9240503811748146     0.9976618280275678      0.9934506473401054
1717277177962329133     0.19538060624181025     1.8880314713533772      -2.8902915544505356     0.9976970472526976      0.9930091596644548
1717277178006659920     0.16264300595139564     1.8790341283729184      -2.8565157550383367     0.9976979237706056      0.9941150618024527
1717277178045459187     0.13022914680971845     1.8689240481085398      -2.822725935020977      0.9978771318748701      0.9929859018789396
1717277178095226295     0.09816954221261649     1.8577328025030673      -2.7889969949841427     0.9977040042138705      0.9919360313791912
1717277178121563735     0.06650475961397201     1.8454669880208914      -2.7552677888805177     0.9977387865947537      0.9923126140926334
1717277178158928991     0.03527167361442252     1.8321414204715887      -2.7215442467994277     0.9978812887947188      0.9915755249240236
1717277178207327234     0.004503988026422595    1.8177693253108234      -2.6878329689309397     0.9979816803356526      0.9918910280876462
1717277178246699293     -0.0257603283813746     1.802367816471195       -2.6540891780551403     0.9979640981889453      0.9929131640995555