1717278094840813005     5.696926120731261e-05   -9.911865244141559e-07  7.21991129432263e-07    -7.378490930633395e-07  -1.0356807671940566e-07
1717278094926120704     5.6912649763850424e-05  -9.914256574805842e-07  7.22493366476423e-07    3.865693495184682e-06   -6.052818674008878e-08
1717278095017240128     5.6970090105141906e-05  -9.915708953921612e-07  7.240746484776095e-07   5.681630254123084e-06   -3.053933297502392e-08
1717278095031916148     5.711582217588972e-05   -9.915423042156947e-07  7.264703469236066e-07   7.85427709137313e-06    -1.761072474209085e-08
1717278095117310270     5.735738774224417e-05   -9.917741093030997e-07  7.297976988221588e-07   1.2231625292599202e-05  2.896456374825162e-08
1717278095127418324     5.7620683986278776e-05  -9.917722929182503e-07  7.333944972898499e-07   1.0483940532092053e-05  5.1833774868344945e-09
1717278095141773067     5.790280598380183e-05   -9.918861670299323e-07  7.370876177187626e-07   8.484487438131891e-06   -9.489956454618557e-09
1717278095239259564     5.8140838566402205e-05  -9.920172579595e-07     7.403152717345608e-07   1.0412237980981394e-05  -2.9174827953009e-09
1717278095326970166     5.8323457581848596e-05  -9.920436305907126e-07  7.429937254476448e-07   5.602601824118978e-06   -4.407404305827703e-08
1717278095337732899     5.8432467905932064e-05  -9.922422571560653e-07  7.449054235269353e-07   4.503834669016311e-06   -4.883832305742363e-08
1717278095420332951     5.843163759316247e-05   -9.923598568640093e-07  7.458232855631002e-07   1.539879980208345e-06   -8.930619359280368e-08
1717278095436716374     5.835268040121134e-05   -9.925731223282549e-07  7.459234286528447e-07   -2.5786977732312335e-06 -1.156294300428992e-07
1717278095528100475     5.818518228982524e-05   -9.927418293650128e-07  7.450842769057191e-07   -1.2270728336006818e-06 -1.238276184324515e-07
1717278095544675328     5.797818445750745e-05   -9.92872158722339e-07   7.439143909793032e-07   -3.176367393093339e-06  -1.3727884231506463e-07
1717278095630932587     5.77573133238652e-05    -9.931103744526587e-07  7.4269036538488e-07     -3.1020967901748813e-06 -1.246930984665879e-07
1717278095719134294     5.7544120929099034e-05  -9.93250184463455e-07   7.414951770995427e-07   -1.8538111094423082e-06 -1.2447619899203e-07
1717278095736668054     5.738512446248011e-05   -9.933267535653064e-07  7.408647271700896e-07   -2.547636249589304e-06  -1.1977535356100962e-07
1717278095817580464     5.7288754418903776e-05  -9.935252384766358e-07  7.408500724265946e-07   2.165115058493204e-06   -8.06493359236347e-08
1717278095917000787     5.727115951817965e-05   -9.935534579008618e-07  7.416179393318138e-07   1.5866969116179596e-06  -7.672526088456077e-08
1717278095927892379     5.732516021640263e-05   -9.936617940215138e-07  7.43066087014171e-07    6.188396716118303e-06   -3.679950095846979e-08
1717278095942925073     5.744570822289187e-05   -9.936208820103351e-07  7.452741180154507e-07   5.478293899816478e-06   -3.880384689700923e-08
1717278096028770247     5.760334866687971e-05   -9.937416865172099e-07  7.47704641059877e-07    8.833991707212091e-06   -1.6264656352464097e-08
1717278096045114171     5.777234263173224e-05   -9.937534698659965e-07  7.502182012912997e-07   7.894919306722953e-06   -1.5411600509005535e-08
1717278096129611290     5.791329821599946e-05   -9.937114890598367e-07  7.524815342535329e-07   6.088518964268754e-06   -4.001432365037421e-08
1717278096217730472     5.8036487257996766e-05  -9.938138177522639e-07  7.545176030900844e-07   7.6049667269595586e-06  -2.411885769095563e-08
1717278096233601176     -0.0010969611571483844  -9.909627957229097e-07  3.50164300993316e-05    -0.03345924797272332    0.0022399650970208245
1717278096325500967     -0.0034078489906485565  -1.1888007972514853e-06 0.00013293991697009875  -0.06799661458739574    0.00293754011397441
1717278096419587856     -0.006874141691012992   -1.7886905849141555e-06 0.00020792366465748134  -0.10196803391639361    0.0015305079875610338
1717278096432532799     -0.011496247548296513   -2.8329968453553033e-06 0.00025326759644419926  -0.1359604060812477     0.001494686628890586
1717278096523118031     -0.01727458933210745    -4.446804823821356e-06  0.00031886529569573666  -0.16997009558456005    0.0022859351465451053
1717278096535488571     -0.02420923652014428    -6.898100024484629e-06  0.00039566582597275136  -0.20397814335603928    0.0020995580863275684
1717278096622928654     -0.03230014046013281    -1.0320050729552662e-05 0.00045818658509687765  -0.23798569640989015    0.0017019467257570284
1717278096717132366     -0.04154732090733512    -1.4776769686735381e-05 0.0005180289534746013   -0.27199435396790483    0.001907169406112035
1717278096720884708     -0.05195079974679874    -2.045996651232693e-05  0.0005865653411290655   -0.3060029585732446     0.0020779054487515885
1717278096738196065     -0.06351055997911906    -2.7572260471544012e-05 0.0006543974585566357   -0.34001093675996497    0.0019186710923564834
1717278096817492719     -0.07622659319622431    -3.622142280940162e-05  0.0007175256085333292   -0.37401911694319706    0.0018624360521426644
1717278096847200279     -0.09009891050858915    -4.653584929131348e-05  0.0007822326607843112   -0.40802762268576265    0.0019653341247844844
1717278096941647453     -0.10512751335877193    -5.8703517559313756e-05 0.0008491667410298643   -0.4420360006683586     0.0019708120394418332
1717278097017270976     -0.12131239490751981    -7.288184428186302e-05  0.0009146423778468102   -0.476044261423409      0.0019122524118699445
1717278097037304033     -0.13865355613095776    -8.919670145976791e-05  0.0009792309238567717   -0.5100526085869326     0.0019245819077880772
1717278097123785928     -0.1571510006796915     -0.00010780285532131504 0.0010448616344659889   -0.5440609279509425     0.00195428430419383
1717278097140030132     -0.17680472665094238    -0.00012886805790158278 0.0011107250762111848   -0.5780691576683216     0.0019389729006080321
1717278097237736164     -0.19761473161570614    -0.0001525371598987987  0.0011759394852866546   -0.6120774311555441     0.0019254294352912481
1717278097320073359     -0.21958101660878726    -0.00017895541311155395 0.0012411795153616186   -0.646085865014141      0.0019376005635595823
1717278097339709390     -0.24270338472222788    -0.0002082720363503912  0.0013061111020027307   -0.6800884147569765     0.001920118543956785
1717278097424958062     -0.266981505834676      -0.00024059722533479705 0.0013705119603242971   -0.713699642780997      0.0019148689938420526
1717278097439526231     -0.2924150736418938     -0.00027613051354856703 0.001435285966411713    -0.7480817698710001     0.001913510085514902
1717278097525541876     -0.31900420919924793    -0.0003150019857502592  0.00150058570580796     -0.7816834731490793     0.0019313391363562137
1717278097544216298     -0.3467486193860088     -0.00035740395211564593 0.001565778839734537    -0.8160356373286602     0.0019396272315292933
1717278097631261577     -0.3756482381419422     -0.0004034101549584098  0.001631144482183923    -0.8500238934684806     0.0019249380352038992
1717278097724520753     -0.4057035506901095     -0.000453261211522605   0.0016967935546459206   -0.8839967969007251     0.001953491957809907
1717278097830158484     -0.43691436819479745    -0.0005070420373003996  0.0017626751458258315   -0.9176075791168152     0.0019410665082310358
1717278097844702551     -0.46872774452337496    -0.0005282716948306008  -0.0019022344030534587  -0.935178643617403      -0.23778300050586967
1717278097927213577     -0.5010868822110056     -0.0002658984036391397  -0.016190842192487783   -0.9514202503733443     -0.5588103176425868
1717278098035250534     -0.5340019037376961     0.0006238930873612809   -0.03875283816460433    -0.9683628750521297     -0.7261748666972482
1717278098130160435     -0.5674576737597355     0.002367399703005002    -0.06628211662888703    -0.9852177257175303     -0.887331204924606
1717278098224022111     -0.6012776436360083     0.005168630182649648    -0.10013139533243061    -0.9976318600911219     -1.0824175614424894
1717278098237485588     -0.6349696453116894     0.009186402477983014    -0.13694121459507927    -0.9980503731819192     -1.0425743390248203
1717278098327528369     -0.6685064707857623     0.014388715201574765    -0.170289998003212      -0.9983146182071096     -0.9419247602710551
1717278098341149068     -0.7018586141561614     0.02067633690784951     -0.20281927265137673    -0.9978404435216967     -0.9885013161515769
1717278098434294521     -0.7349766979238491     0.028080259338606427    -0.2374958913492706     -0.9981655682027163     -1.0343951355103562
1717278098517182355     -0.7678161209905288     0.03663448955460471     -0.2721124191959471     -0.99822278958467       -0.9966535472925848
1717278098532639449     -0.8003484514125219     0.046297933439864124    -0.3055255417350574     -0.9978640235975496     -0.9802515122461092
1717278098620131135     -0.8325225391293609     0.05703423969616569     -0.3393003029085461     -0.994703415914232      -1.0108513986574819
1717278098640171272     -0.8642155788915915     0.06884071023218394     -0.3746602648152372     -0.9946227375956131     -1.0634825676095694
1717278098654706870     -0.8954546426988644     0.08176093046182659     -0.41083962890952885    -0.9971726854233409     -1.0518526366278511
1717278098736075623     -0.926230696619073      0.09581326031926572     -0.4460654060692476     -0.9975908166958409     -1.0229388449616128
1717278098824752819     -0.9565537575023899     0.11095893846504824     -0.48052765437317274    -0.998014740344717      -1.006107824694473
1717278098836340443     -0.986373760065986      0.1271512661485541      -0.5145632265324614     -0.9982609668675544     -0.99740731392237
1717278098928443002     -1.0156444115235155     0.144355412546613       -0.5483845588947652     -0.9984008569527385     -0.9926839761200404
1717278099016925239     -1.044329118871902      0.1625440724609193      -0.5820622389865008     -0.9985155504426281     -0.9890599347258214
1717278099030707632     -1.0723931363811086     0.1816914579574552      -0.6156578154662002     -0.9985846478177083     -0.9879748776422295
1717278099117672089     -1.0997906631736956     0.20176397822342387     -0.6493188642015693     -0.9967895584594422     -0.995871546822691
1717278099219806044     -1.1264661825762672     0.22273179879018662     -0.6834361813044486     -0.9965894582867582     -1.0109348912013474
1717278099231763346     -1.1523805775588873     0.2445882305304495      -0.7179984975892294     -0.9963625567277785     -1.0222606304636799
1717278099317092570     -1.1775038916328833     0.2673233122474006      -0.7528342311205107     -0.995547097767 -1.0264081132353748
1717278099334573875     -1.2018070683407054     0.2909086833939609      -0.7877888585362061     -0.995453006509101      -1.0300237708750724
1717278099420689256     -1.225260302571379      0.3153247503476635      -0.8229100045506156     -0.995265624412096      -1.0355495747575318
1717278099434235042     -1.2478287629736433     0.3405410011000377      -0.8582163893127313     -0.9949933015094563     -1.0406212148426988
1717278099523604995     -1.2694807481900545     0.3665287003269198      -0.8936503567482947     -0.9938915835484023     -1.0442182092991523
1717278099617046007     -1.2901965321230164     0.39327034770209696     -0.9291468166872549     -0.9936744978795513     -1.0402724337969507
1717278099717117734     -1.3099881423144206     0.42077261925476683     -0.9640646974642605     -0.9973737154305298     -1.0152074101017057
1717278099721054737     -1.3288546976063484     0.4489849258914757      -0.9980639463748316     -0.9979309588202594     -0.9883173013271012
1717278099734681997     -1.3467626225872944     0.47781758179505385     -1.0316805300742058     -0.9978719083235514     -0.9945278913502498
1717278099817072853     -1.3636847172412891     0.5072374970217886      -1.0657723395084129     -0.9978246187476194     -1.007812144188989
1717278099839996327     -1.379590961268196      0.537217519420156       -1.0999638538917393     -0.9978159156340265     -1.0014659301920987
1717278099931432171     -1.3944679510711708     0.5677211228828621      -1.133866109322389      -0.997804635342594      -0.9950787872055542
1717278100022510319     -1.4083038313195928     0.5987100462873925      -1.1677623523419407     -0.9977653209784452     -1.00003632117884
1717278100038791517     -1.4210781378255073     0.6301499641310663      -1.2018446726611844     -0.997743629592091      -1.0034413210633848
1717278100127117979     -1.4327735012220228     0.6620061970577616      -1.235888680647568      -0.9977432531750048     -0.9988488893034108
1717278100140089063     -1.4433804497047331     0.6942451611607279      -1.2697946902499504     -0.9981506884900531     -0.9965002117725636
1717278100153182160     -1.4528891951941936     0.7268135138914721      -1.303649178423166      -0.9954151587838685     -0.9995263832706441
1717278100230264980     -1.4612825053543053     0.7596579463858414      -1.3380534586304207     -0.99629838292226       -1.020548477440526
1717278100316726901     -1.4685173557276319     0.792724521555694       -1.3729964731754654     -0.9948544762661226     -1.0341742708534456
1717278100328980616     -1.474574708100035      0.8259897556737239      -1.408392199515111      -0.9944369687411461     -1.0472169319120883
1717278100417019810     -1.479441034491056      0.8594362520877641      -1.4440887885781706     -0.9954585047638986     -1.048611396997051
1717278100436810522     -1.4831136412293155     0.8930386408337719      -1.4796164829307483     -0.9956723156473317     -1.0411008066887757
1717278100524079205     -1.4855936496481996     0.9267525082670222      -1.5150342048447676     -0.9953888724450889     -1.042798641159869
1717278100540337660     -1.4868762795346566     0.9605300893671843      -1.55057461531467       -0.9954437414226548     -1.0458945273459759
1717278100625631034     -1.4869569770573654     0.9943307985721429      -1.586126506829375      -0.9955450366147007     -1.0441039114115778
1717278100645321935     -1.4858367387900067     1.0281135760286348      -1.6216193632213591     -0.9954586449785383     -1.043232909496426
1717278100745335266     -1.48351317508971       1.061884369695127       -1.6569548807056143     -0.9975500804990097     -1.0288880800236317
1717278100918775005     -1.4800133286059285     1.0955286499172754      -1.6916359243750154     -0.9951291189932547     -1.0241301370027993
1717278100933010068     -1.4753439062414306     1.129009338232454       -1.727061015620746      -0.9950145932574694     -1.056460542136713
1717278100946492305     -1.4694798015647457     1.1622900058855359      -1.7630418686461136     -0.9965566017870562     -1.0527834620028735
1717278101030377235     -1.4624264052441465     1.1953508413274017      -1.7985221095663113     -0.9964825219184207     -1.0362356088429938
1717278101045168256     -1.454209844993339      1.228180913313937       -1.8337268702726126     -0.9976628848698458     -1.0305572646188799
1717278101124234301     -1.4448333292021016     1.2607360138415171      -1.8683964077711213     -0.9978167522688208     -1.0106950144307827
1717278101140348018     -1.434328201546218      1.2929868418720036      -1.902561797799737      -0.9980992258709118     -1.0003568668073561
1717278101222295927     -1.4227239641799536     1.3248844536683995      -1.9364542517628582     -0.9982747200519592     -0.9938731110250546
1717278101236575656     -1.4100425986853267     1.356387295841707       -1.9701609090793957     -0.9984076199651788     -0.9897900957491641
1717278101323239684     -1.3963048080909046     1.3874533157442146      -2.0037863404388925     -0.9984731059228287     -0.9887500341545236
1717278101338527118     -1.3815294182518487     1.4180436074430696      -2.0373799686332523     -0.9985254908350817     -0.9874760587318756
1717278101422770595     -1.3657336560932711     1.4481256967090237      -2.0709220872230945     -0.9985905742679774     -0.9862701788755449
1717278101437430207     -1.3489373519647616     1.4776635487305163      -2.104454954396141      -0.9986201163507236     -0.9867122483316634
1717278101519927283     -1.3311603153623373     1.506622200588729       -2.137995980101344      -0.9986520168465871     -0.9864275400342156
1717278101532976256     -1.3124215711593807     1.5349714786106192      -2.1715155538040816     -0.9987009685002111     -0.985893444481621
1717278101617365420     -1.2927432095583076     1.562678522266911       -2.2050362620935897     -0.9987278062132048     -0.9863284634172576
1717278101631787215     -1.2721481715498228     1.5897107610969299      -2.2385667316511273     -0.9967269200399715     -0.9870651268300271
1717278101646686946     -1.2506703366401533     1.616017887420888       -2.2723442715979485     -0.9967500067278416     -0.999393637844577
1717278101723833438     -1.2283330015653535     1.641553712484315       -2.3065733191342086     -0.9968226277019833     -1.0127374056156457
1717278101737344437     -1.2051529741849536     1.6662817248852522      -2.341167617403628      -0.9971081134191793     -1.0224195735752062
1717278101831962725     -1.1811303452310065     1.6901865342258997      -2.376016293416153      -0.9955137159044118     -1.0271076817671294
1717278101922004443     -1.156299365586417      1.713226094689121       -2.4110039895246644     -0.9957870917294869     -1.0314780507164487
1717278101938408263     -1.1306872465410858     1.7353704491441446      -2.446153041629743      -0.994503924291466      -1.0366092005511796
1717278102027251832     -1.1043249070604257     1.7565862414915707      -2.4814769815270195     -0.9941017047403073     -1.0417659441330356
1717278102119428589     -1.0772429742501395     1.7768430135199438      -2.517033869218146      -0.9938627278814862     -1.0493627255169793
1717278102217626820     -1.049445989567899      1.7961335519345178      -2.552586563944452      -0.9971497898905485     -1.0373349847428408
1717278102236985886     -1.0209540921343847     1.8144585251605918      -2.5875084846484415     -0.997451600461799      -1.0165842207156919
1717278102342216301     -0.9917973437275206     1.831818748197424       -2.621667375557063      -0.9984212671322272     -0.9945703042653372
1717278102358703731     -0.9620250156000635     1.8481844048003757      -2.655207434037382      -0.9985385527821363     -0.9817944344395928
1717278102429120638     -0.9317154633539527     1.863547921227638       -2.688610578931325      -0.9978300570485733     -0.985956669152158
1717278102444003031     -0.9009302081826018     1.8778885128480673      -2.7223096671263782     -0.9977377048286943     -0.9960690736339086
1717278102528575788     -0.8696998924976537     1.8911796831344299      -2.7563047950257324     -0.9976340548945326     -1.0032107635845202
1717278102617041464     -0.8380497378598467     1.9033984455188173      -2.7904845314776674     -0.9975586401851162     -1.00666618421986
1717278102617779161     -0.8060045854782637     1.9145273551884883      -2.8247011440563194     -0.9975271330768839     -1.005691012103835
1717278102633963031     -0.7735932174320782     1.924554486958557       -2.8588411007405328     -0.9977478176507022     -1.0018318319919701
1717278102732959441     -0.7408442275198777     1.9334753910329499      -2.8927663003243405     -0.9980396865120466     -0.993602336701119
1717278102833039968     -0.7077919701674789     1.9412961344592474      -2.9264199085915545     -0.998180380756807      -0.9863093965765951
1717278102922054132     -0.6744794565194343     1.9480070531700133      -2.959856532704743      -0.9982708901997777     -0.980985047859449
1717278102940092694     -0.6409500695043472     1.9536054830883058      -2.9931405044573594     -0.9983253747948453     -0.977196949612488
1717278103024182573     -0.6072457698147088     1.9580804635603055      -3.02632467530137       -0.9982749250515311     -0.9753712007610137
1717278103038590657     -0.5734109653280116     1.9614331253835016      -3.0594869728424423     -0.9983133501487467     -0.975520934419576
1717278103127374810     -0.5394844093276633     1.9636644365858003      -3.0926574452151936     -0.9983085248614597     -0.9755804272357257
1717278103140459233     -0.5055035065423945     1.9647700463931748      -3.1258334551590603     -0.9982681405491836     -0.9761390551929653
1717278103224703544     -0.47150803027724697    1.9647467914921963      3.1241430454152357      -0.9982138679445244     -0.9771085012766948
1717278103239415840     -0.4375339377696364     1.963594394686939       3.090924831714948       -0.9981849540922689     -0.9767626546713751
1717278103331077167     -0.40361720886960295    1.9613139430122988      3.0577123068140626      -0.9981509553841275     -0.9772147272330979
1717278103418660843     -0.3697985854276812     1.9579073358451515      3.024464357320946       -0.9980942706496396     -0.9783193761201988
1717278103432233314     -0.3361139985978056     1.9533778540621276      2.9912064380930246      -0.9980668775657086     -0.9778906356353871
1717278103448439423     -0.3025988405005048     1.947730021247524       2.957957449041782       -0.9980368599475966     -0.9782799950757483
1717278103524658778     -0.2692937132251972     1.9409700426811147      2.9246739324534734      -0.997980635543665      -0.979395387887598
1717278103541443188     -0.2362370524274138     1.9331080716990483      2.891367476786812       -0.9986730512391071     -0.9801965817613165
1717278103622485432     -0.20345594591442553    1.9241475666887224      2.858035587511719       -0.9981093310051788     -0.9815147659557625
1717278103638528565     -0.17100543578061228    1.9140884639955311      2.8245973933329864      -0.9981657037697323     -0.98473701408884
1717278103736145766     -0.1389120841092719     1.9029575840237924      2.791118170517518       -0.9982676909750308     -0.9847909121261281
1717278103816525104     -0.10720806563753206    1.8907562358738632      2.757633625851071       -0.9982979711478572     -0.9851626814987452
1717278103917458061     -0.07593094434031482    1.8774992980609353      2.724131767560833       -0.9983196801380222     -0.9855927329492473
1717278103929901239     -0.04511524073857985    1.8632012729710306      2.6906239081144707      -0.9983514548641045     -0.9856309561452129
1717278104020724270     -0.014795269733827308   1.8478778162314808      2.657112131666203       -0.9983821378947264     -0.9858042535086884
1717278104033635906     0.014994985369993987    1.8315462114231575      2.623600073205587       -0.9984164208236207     -0.9856421421079984
1717278104047437116     0.044222405850000084    1.8142248156810985      2.5900899227945353      -0.9984486753526185     -0.9858635881069224
1717278104128758329     0.07285305975517882     1.7959334560340385      2.5565663548548323      -0.998473292959642      -0.9861480077259299
1717278104144424395     0.10085596732650375     1.776691983368923       2.523050859406589       -0.998516443008127      -0.9855700013376548
1717278104226588476     0.12820019465168894     1.7565221254567585      2.489542959870219       -0.9985488522819066     -0.9859486771945474
1717278104243656956     0.15485288376981338     1.7354477506169546      2.456012601735781       -0.9985682614647172     -0.9864001327722187
1717278104325476070     0.18078589151720992     1.7134910279787894      2.4224935199186617      -0.9986171412035579     -0.9855775556301903
1717278104338737400     0.2059708942033117      1.6906766447110213      2.3889864509553904      -0.9986492833179552     -0.9859981407572421
1717278104421620890     0.2303770281492042      1.6670321225580398      2.355452587704827       -0.9986666439337166     -0.9865619657279348
1717278104435887601     0.25397869463030287     1.6425820688084303      2.3219289483883667      -0.9987171270216597     -0.9857087299395043
1717278104529242626     0.2767503360868594      1.6173537720011961      2.2884189219885354      -0.9987491726036895     -0.9860646502922894
1717278104622045258     0.2986640815512177      1.5913776801798354      2.254883870075114       -0.9987688182448126     -0.9866200367158361
1717278104636488811     0.31968528667882845     1.5646950882922475      2.2212853393332033      -0.9978248986049372     -0.9924314928719752
1717278104651811900     0.33979036360270837     1.5373253458375524      2.187374668831901       -0.9986751507267013     -1.0026358727742133
1717278104726610306     0.3589358082922282      1.5093063790000156      2.1531377265956313      -0.9964281350357856     -1.0105089763417783
1717278104741237041     0.3770922205379853      1.4806703600751023      2.1186326113033656      -0.9958445150272354     -1.01889615734068
1717278104840428101     0.3942350656537832      1.4514387691848278      2.0838288619450913      -0.9947774987573244     -1.0288902469536587
1717278104930082302     0.4103331188114605      1.4216484103559208      2.0487092518311676      -0.9945277051198167     -1.0366698459017365
1717278105017066362     0.42535797604229814     1.3913349276414648      2.0133480564821005      -0.9940374412996916     -1.0446082184005534
1717278105029954050     0.43928922544491505     1.3605223011948728      1.9776737493829348      -0.993799301531586      -1.0525549863664048
1717278105118885891     0.4521155883970689      1.3292229465831407      1.942049628862306       -0.9971413481342607     -1.0383254788647074
1717278105168966374     0.4638443019567399      1.297450215319059       1.9070730089931842      -0.9970047358163501     -1.0187975659440616
1717278105241653476     0.47448945081919985     1.2652296667331555      1.8728471656505155      -0.9980037846272872     -0.9945533877153407
1717278105340936159     0.4840398792689037      1.2326573089702526      1.8391988075950585      -0.9979781510485292     -0.9912441357143484
1717278105425710262     0.4924859413119378      1.199782887084134       1.8052205334358886      -0.9979158656513868     -1.0065501234919605
1717278105439747530     0.49980479376080256     1.1666408337407776      1.7709937725197722      -0.9978781096078367     -1.0036050615717895
1717278105542573676     0.50599177021061        1.1332585542813993      1.7371007756081807      -0.9993384289765582     -0.9893760770518801
1717278105625846168     0.5110530336022412      1.0996427467122052      1.703776182975453       -0.9997463717239953     -0.9716251085898228
1717278105642955547     0.5150065657402044      1.065839002739061       1.6709676051492277      -0.999464627714952      -0.960067144679008
1717278105732573181     0.5178677645610803      1.0319062361122455      1.638410145202858       -0.9990737352279165     -0.9567917344852366
1717278105826973314     0.5196216290350092      0.9978995807077862      1.605835683787298       -0.9982024887460238     -0.9606632902510998
1717278105841278603     0.5202646644307337      0.9638689915450602      1.57308014259957        -0.9982317640353664     -0.965961070326282
1717278105918791802     0.5197916568231014      0.929846907525415       1.5401892121374228      -0.9982394731915673     -0.9689869300772115
1717278105930624208     0.5181983642572179      0.8958675966254196      1.507199282670416       -0.9982147163315015     -0.9718396093440237
1717278105946204298     0.5154832181677549      0.8619690302530334      1.4741167036342913      -0.9982878663458777     -0.974142656781438
1717278106038881706     0.5116469747103172      0.8281843652269457      1.4409662456860108      -0.9982665279452145     -0.975824973140206
1717278106119538554     0.506692326067412       0.7945503060389641      1.4077633684116686      -0.9982049360764357     -0.977191291453147
1717278106137637093     0.5006236759599207      0.7611033735338538      1.3745240970327535      -0.9981550354941198     -0.977991378332785
1717278106157232947     0.49344653416940865     0.7278797821513938      1.3412580291328284      -0.998107561442763      -0.9788479825775179
1717278106232955309     0.48516795173577026     0.6949164043209307      1.3079669372881149      -0.9980637778675255     -0.9792961359679923
1717278106319464336     0.47579647152412125     0.6622485144115917      1.2746703557885333      -0.9980323462459808     -0.9794494194078506
1717278106333309171     0.4653421712041705      0.6299133824365013      1.2413527828562607      -0.9979853168777444     -0.9804708752081132
1717278106348524919     0.4538161290704474      0.5979479263015541      1.2080087674572564      -0.9979435878640235     -0.9807060205173482
1717278106517044240     0.44123015713777963     0.5663853899704683      1.174671433927924       -0.9979215477997561     -0.9805691320585735
1717278106529986556     0.42760466295030636     0.5352784764791757      1.141231239785097       -0.9974684113042972     -0.9872364723335044
1717278106543671434     0.4129376277079599      0.504635510937993       1.107624855817891       -0.999394234383025      -0.9877506512310652
1717278106637305462     0.3972511302744452      0.4745093838299313      1.0741227489491225      -0.9982288773923972     -0.9847037109427487
1717278106738429669     0.38056240087223675     0.4449218888141387      1.0406287628934998      -0.9982781567984598     -0.9857614848884286
1717278106824009458     0.3628913891671503      0.41591130173406965     1.0071092338314245      -0.9983010623960485     -0.9857871331245937
1717278106839205177     0.34425637837557005     0.3875073372979198      0.9736082195162257      -0.9983494261073719     -0.9852314619597479
1717278106922387174     0.32467928974002963     0.35974298099338387     0.940101763856163       -0.9983718342019223     -0.985966678619991
1717278106942811597     0.3041826259793297      0.33265087972096635     0.9065776053834695      -0.998399163450658      -0.9859638032650123
1717278107026610890     0.2827880327012513      0.30625930678550456     0.8730670778836617      -0.9984436921207314     -0.9855704873558128
1717278107040531280     0.260520312974377       0.28059850843709144     0.8395546898408573      -0.9984703656073121     -0.9859628631304851
1717278107129985878     0.23740485726170088     0.2556980670143223      0.8060335843043426      -0.9985016257790486     -0.9859645780522879
1717278107221230757     0.21346700231391458     0.23158508400175587     0.7725163197237529      -0.9985379420687663     -0.9859175921765905
1717278107237252313     0.1887339252660627      0.20828684530430908     0.7389976468437182      -0.9985703452067658     -0.9859477423247447
1717278107320877163     0.16323322033722557     0.1858292565298359      0.7054814909603608      -0.9986064918514597     -0.9858975297598657
1717278107336472081     0.13699403135998278     0.16423792950040547     0.6719589492941829      -0.9986334339294125     -0.9862633440622238
1717278107426039125     0.11004566071876824     0.14353715703281167     0.6384326463168783      -0.9986713388904118     -0.9859937817812372
1717278107437601045     0.08241731214494205     0.12374895760571204     0.604919977640492       -0.998711510422369      -0.9858296195056132
1717278107527644277     0.05414168983003936     0.10489679409804148     0.5713933683822435      -0.9987308593841502     -0.9865552367192431
1717278107542204958     0.025250154784349225    0.08700192336071594     0.5378588456702857      -0.9987726613971735     -0.9861169669016188
1717278107616954555     -0.004222779363218868   0.07008742896296125     0.5042986029786805      -0.9990053708808024     -0.9895833947668222
1717278107629806292     -0.03422951261555389    0.05418197205799603     0.47046903947966895     -0.9965893234686631     -0.9997330753822107
1717278107717266842     -0.06473536643458042    0.03931809186944894     0.43633250579242094     -0.9963190496437109     -1.0080544132355524
1717278107736758393     -0.09571900742514601    0.025513623034166523    0.40191740890459987     -0.9961993407291736     -1.0163258635139092
1717278107828522462     -0.12713166365186934    0.012802175245262868    0.3671151389505537      -0.9948697143656078     -1.0298378142137414
1717278107840812456     -0.15894151891869696    0.0012087659381589768   0.33195904965942846     -0.9944904455823964     -1.0376628100949248
1717278107919733997     -0.19111019576492697    -0.009243948685462439   0.2965210978554023      -0.9939634076270917     -1.0480933669194543
1717278107937136423     -0.22361903382960133    -0.018540359741489005   0.2607448460005363      -0.9937704945211657     -1.0544304935166682
1717278108021079670     -0.2564436018541393     -0.02667108993118534    0.22512353032998672     -0.9933440946121967     -1.0395460463775703
1717278108036035003     -0.28958142600273473    -0.03365371578675035    0.19010770063805263     -0.997356550492629      -1.0199813341936927
1717278108049166648     -0.32298472685833907    -0.03948976029716103    0.15569892543694988     -0.9975899291053473     -1.0058976229067662
1717278108129048545     -0.3565988081750839     -0.044180283904171384   0.12167005152138285     -0.9977734583301687     -0.99624917582868
1717278108143336109     -0.39037937429913366    -0.04773173087182386    0.0879938976630501      -0.9979638424142574     -0.9853482004660341
1717278108224560063     -0.4242835783083972     -0.050150187116954806   0.054621104675739274    -0.998088569697011      -0.9787952655995695
1717278108235768276     -0.4582616060423716     -0.051441773115109994   0.021402915452991705    -0.998172728919533      -0.9760451631596339
1717278108326074692     -0.4922672342908253     -0.051607901577881934   -0.011767082268681492   -0.9982080464172598     -0.9755098547452519
1717278108338940305     -0.526259907482723      -0.05064939123443576    -0.04492344101257002    -0.998237234086056      -0.9751130910270588
1717278108437610114     -0.5602014654171736     -0.048567437286070644   -0.07808155376017818    -0.9982203115517194     -0.9758963902824062
1717278108524807290     -0.594050338322027      -0.045354005816822154   -0.11129167401085202    -0.998229967231354      -0.977487827601614
1717278108540787491     -0.6277717646836675     -0.041012785013861394   -0.14451353191292637    -0.9981455631753267     -0.9766361603512103
1717278108631311793     -0.6613314994073725     -0.03556645038663291    -0.17771430347072847    -0.9981782403126002     -0.9769036951998061
1717278108645561861     -0.6946877410750051     -0.029008298744469058   -0.21095532068784797    -0.9981947362209084     -0.9783723840535061
1717278108821357813     -0.7278044657954247     -0.021344275408303727   -0.24422472424198716    -0.9981755895887352     -0.978453773373864
1717278108834869643     -0.760646940255411      -0.012582663254320786   -0.2774967523290359     -0.9981414709279404     -0.9790316879052493
1717278108931968677     -0.7931756809520983     -0.002733341659739502   -0.31080873413089444    -0.9980821518729589     -0.9803167056278239
1717278109019294266     -0.8253554111161597     0.008193709761558293    -0.34414006674057523    -0.9980477179992546     -0.9802055510276957
1717278109037230255     -0.8571523337379474     0.020187491599803892    -0.3774687033757994     -0.9980184115885339     -0.9805641285451543
1717278109125589990     -0.8885286263930215     0.03323425547335865     -0.4108253979477391     -0.9979683124718854     -0.9814955142427837
1717278109217277342     -0.9194495829374181     0.0473201811027575      -0.4441985878073269     -0.9979342973843172     -0.9815939852855586
1717278109232188962     -0.949881690588068      0.06243057268385444     -0.4775767980979575     -0.997902396851179      -0.9819881863437026
1717278109343472737     -0.979785224505527      0.07854059491248451     -0.5109960584963031     -0.9980217489382531     -0.9847259316595497
1717278109423882243     -1.0091362786544311     0.09564050617202109     -0.5445018491623246     -0.9985403621689677     -0.9871461273357685
1717278109518708494     -1.0378867837374028     0.1137375627269387      -0.5780382154956842     -0.9982219848161972     -0.9859172181901563
1717278109535836148     -1.0660192459569895     0.13277486526544008     -0.6115510878235537     -0.9982930325949891     -0.985566874256787
1717278109617535589     -1.093499138550364      0.15274594096789174     -0.6450584904395105     -0.9983267418004198     -0.9857703516966676
1717278109631273659     -1.1202940239242327     0.17362723621996085     -0.6785811025985475     -0.9983504709753119     -0.9861191446886137
1717278109717151969     -1.1463749662327807     0.19539623628078395     -0.7120955880905631     -0.9983954544968515     -0.9854639844429313
1717278109726589127     -1.1717133965674453     0.21802846904786563     -0.7455996296146515     -0.9984285787040168     -0.9857978228240549
1717278109740949394     -1.1962785809775678     0.2414968312768071      -0.779127525612032      -0.9984469465986332     -0.9863400832597772
1717278109842568634     -1.220044482140327      0.265776658948699       -0.8126459371907453     -0.998496172578305      -0.9854941552213038
1717278109918885360     -1.2429854362476869     0.2908408763932599      -0.8461495400500654     -0.9985289912234192     -0.9858256541458059
1717278109944642186     -1.2650732024589173     0.3166590382615173      -0.8796796051198102     -0.998546435938912      -0.9864597360890565
1717278110031179799     -1.2862843943424187     0.34320410382540895     -0.9132021070859021     -0.9985965373859759     -0.9856409019466215
1717278110120897305     -1.3065962600195788     0.3704467027956967      -0.9467090471397812     -0.9986292978136571     -0.9858899156806755
1717278110136476394     -1.3259839882477302     0.3983539225596373      -0.9802388748217662     -0.9986498822615999     -0.9864672200243989
1717278110217430946     -1.3444267856338703     0.4268960872827561      -1.0137649279489556     -0.9986958120314529     -0.9858782028159334
1717278110227232667     -1.3619047074966326     0.45604165338339286     -1.0472794517229589     -0.9987290292397394     -0.9860258639500116
1717278110241916835     -1.3783970526593383     0.4857562803542969      -1.0808083172679164     -0.9987559649794922     -0.986384234518832
1717278110328732348     -1.393881109277601      0.516000058860242       -1.1144130166110229     -0.9968151705207593     -0.992271934107946
1717278110340861859     -1.4083253777041917     0.5467261565560023      -1.1483210204894412     -0.9966491147046046     -1.0019481861929536
1717278110433061182     -1.4217052143999345     0.5779044084935057      -1.1825553132206117     -0.9961595326290349     -1.0113828782362306
1717278110518133790     -1.43399780507954       0.60950527837994        -1.2170847714620363     -0.9947697464347923     -1.0214578066190894
1717278110537774698     -1.4451751000267274     0.6414866662033231      -1.2520304224731922     -0.9946890061176242     -1.0331508829007452