1717277909962874527     5.878711789242959e-05   -9.952901542641306e-07  1.1565305146220597e-06  5.126572814681476e-06   -5.4787056398342116e-08
1717277910029921427     5.8797178657361914e-05  -9.952910871503318e-07  1.1575405519253583e-06  1.2583885982807567e-06  -7.502632101096458e-08
1717277910047113400     5.8786056593385776e-05  -9.952462740703175e-07  1.1582115709823012e-06  2.423656325325875e-06   -7.993576495273367e-08
1717277910120014544     5.878640324987631e-05   -9.952979147020242e-07  1.1590132133265996e-06  2.6836695675764564e-06  -6.523954326979284e-08
1717277910150351865     5.877221608622076e-05   -9.95278657059121e-07   1.1597262150336137e-06  3.75298043691086e-06    -6.79829965314115e-08
1717277910172270888     5.877294013593112e-05   -9.952489433098688e-07  1.160576030360485e-06   3.12313751119754e-06    -7.105970558597671e-08
1717277910227606954     5.8783953181041125e-05  -9.951876318470193e-07  1.1615457869970244e-06  2.4384856961717734e-06  -7.412920198249798e-08
1717277910248256469     5.880581918368842e-05   -9.9531195581932e-07    1.1626520950691506e-06  1.2727511151780916e-06  -7.129538068617379e-08
1717277910317741864     5.880198118103107e-05   -9.952716630225525e-07  1.1634894216124114e-06  2.432433187684289e-06   -7.783426380881454e-08
1717277910345187662     5.8799103223374513e-05  -9.953255831054814e-07  1.1642387548314926e-06  4.3785551715557485e-06  -6.61005579697574e-08
1717277910427960191     5.8783312431231375e-05  -9.952187548779612e-07  1.1649066049376831e-06  1.0069561880282614e-06  -8.79657805063765e-08
1717277910517850349     5.877121376815386e-05   -9.953231874555286e-07  1.165622606002399e-06   3.88732395170596e-06    -5.8505703161735584e-08
1717277910544762807     5.876142468289834e-05   -9.953163975617168e-07  1.166365782168619e-06   3.7427097650707657e-06  -6.76815121795903e-08
1717277910573174090     5.8761920411419595e-05  -9.952857937810625e-07  1.1672350852288462e-06  3.1138027883019466e-06  -7.058780223923767e-08
1717277910632498150     5.877271639586995e-05   -9.952239486282552e-07  1.1682041188269756e-06  2.4296772797428895e-06  -7.456922788347522e-08
1717277910651201063     5.879426171278067e-05   -9.952907995206563e-07  1.1692776892583038e-06  1.8452059013260345e-06  -7.709216651817867e-08
1717277910728796184     5.882429631943326e-05   -9.95329726074904e-07   1.170391804562018e-06   3.457878420160924e-06   -5.5904348710747094e-08
1717277910768514336     5.882931029205161e-05   -9.952347509736852e-07  1.1713617750043117e-06  1.7315044934217377e-06  -8.069891889596782e-08
1717277910840567374     5.8830933763019506e-05  -9.953461702758723e-07  1.1721787396770508e-06  3.7370895194143545e-06  -7.040022335780541e-08
1717277910869029163     5.882909118776188e-05   -9.953508914863124e-07  1.1729594468824551e-06  2.6623183951084052e-06  -6.694335157161458e-08
1717277910905162621     5.8805589418987254e-05  -9.95339829876844e-07   1.1735875333310898e-06  2.368322639544163e-06   -7.86400598172071e-08
1717277910936782360     5.879475243168754e-05   -9.953667375937976e-07  1.174341229369563e-06   1.2298056994441749e-06  -7.63305249856757e-08
1717277910966735701     5.878846078491151e-05   -9.953648872438903e-07  1.1750596627289788e-06  3.367621257715492e-06   -6.027127567965723e-08
1717277911013510024     5.878709052467335e-05   -9.95361969521568e-07   1.17591337330695e-06    4.411347228637191e-06   -6.064522128387955e-08
1717277911036582607     5.879472985199956e-05   -9.953403812451977e-07  1.176867473045458e-06   3.782970375090843e-06   -6.571371921396864e-08
1717277911071736877     5.88126347358247e-05    -9.952906850027124e-07  1.1778806733533547e-06  3.145839786619716e-06   -7.003797031803985e-08
1717277911109727592     5.8839794342717285e-05  -9.953314405782922e-07  1.1790302630127803e-06  1.1193496010705626e-06  -8.095937197091153e-08
1717277911145871831     5.884559025019618e-05   -9.953557327402964e-07  1.1799681013505888e-06  3.094662388857312e-06   -7.224023380241865e-08
1717277911182266329     5.885218007382156e-05   -9.953844141897612e-07  1.1808028236969463e-06  4.569885465404981e-06   -5.546970872048656e-08
1717277911213303187     5.883882109702533e-05   -9.953460242898836e-07  1.1815342055252938e-06  3.6027418167904785e-07  -9.17768006978247e-08
1717277911245800120     5.8820302236427796e-05  -9.954044128580106e-07  1.182163913651637e-06   3.6701894501591817e-06  -6.921320967010537e-08
1717277911279931702     5.880174539066784e-05   -9.9528566309144e-07    1.1828347456147476e-06  1.6756993095387907e-06  -8.384506651461546e-08
1717277911315720793     5.879700214250215e-05   -9.95361556671877e-07   1.1836231826110062e-06  1.0859621649078629e-06  -8.447893721701893e-08
1717277911348864143     5.8800886280111664e-05  -9.954083871389287e-07  1.1845134024097742e-06  2.686864620618842e-06   -6.254358183651901e-08
1717277911384715290     -0.0010957986523823112  -9.901895711401626e-07  1.5516463782133178e-07  -0.03347347098946169    -1.9305283110395813e-05
1717277911421577138     -0.0034062306562600525  -9.776071915246733e-07  -1.1104207016676516e-07 -0.06798136246880301    2.7204358591175612e-05
1717277911454716011     -0.006871912404423052   -9.599132300142264e-07  6.519816409062e-07      -0.10155530100239603    3.0850044527804036e-05
1717277911487361666     -0.01149357009964719    -9.379227226907738e-07  7.636822232075665e-07   -0.135944736990687      6.290844276056543e-06
1717277911523655542     -0.017271279599589334   -9.083922581834302e-07  5.408970906505573e-07   -0.16995062475214492    1.1108719978472616e-05
1717277911555969800     -0.02420526539702894    -8.713624700439879e-07  6.487723809003719e-07   -0.20395897662960316    1.7814631960911823e-05
1717277911587713081     -0.0322955341407519     -8.278894374593061e-07  7.277141093594424e-07   -0.237967281616099      1.1620277716938573e-05
1717277911627922121     -0.0415420854049471     -7.766109450089747e-07  6.24579020289027e-07    -0.271975571614928      9.361538728709464e-06
1717277911672984622     -0.05194491957729586    -7.169941129374927e-07  5.870106552697981e-07   -0.30598385499322545    1.3120427796796055e-05
1717277911700171237     -0.06350403661892924    -6.503457182607621e-07  6.385140561238435e-07   -0.3399921235067589     1.282634919037123e-05
1717277911736573703     -0.07621943609538182    -5.767722600817523e-07  6.29476201595976e-07    -0.3740003982111019     9.939974045799744e-06
1717277911774663132     -0.09009111781193323    -4.950738714907002e-07  5.750611585151003e-07   -0.4080087181189817     1.0009157142237101e-05
1717277911806738159     -0.10511908187422822    -4.055816157011758e-07  5.456873252130862e-07   -0.4420170810501828     1.1209560718843294e-05
1717277911844596926     -0.12130332842436246    -3.094232408149638e-07  5.141695016115112e-07   -0.47602544985179973    1.1163116136110194e-05
1717277911883567753     -0.13864385776779745    -2.0610678651297832e-07 4.6206685167076684e-07  -0.5100337754888201     1.1299541579596178e-05
1717277911923722914     -0.15714067019350567    -9.58622451309413e-08   4.3071865864645156e-07  -0.5440420333977293     1.1852408052516924e-05
1717277911957305777     -0.17679376543452724    1.9166012509839045e-08  4.258874639603165e-07   -0.5780502791445602     1.1214483952020053e-05
1717277911987868556     -0.1976031429068784     1.3927484444264224e-07  3.983762360307362e-07   -0.6120586000905092     9.82018192034584e-06
1717277912014999000     -0.21956880264390846    2.642215409834114e-07   3.254213341444922e-07   -0.6460669972776214     9.690509907925817e-06
1717277912051312817     -0.2426907454919538     3.9360713651285524e-07  2.4772756423049737e-07  -0.6800753564150938     1.1030797381282253e-05
1717277912083894680     -0.26696879301206883    5.278741930560429e-07   8.405148520496374e-08   -0.7140817353946338     4.036623252251586e-06
1717277912114947379     -0.2924025111292952     6.705206930638143e-07   -2.4590799027556483e-07 -0.7480257072634721     -3.4921130488030896e-07
1717277912149355935     -0.3189919972261629     8.240815473535518e-07   -4.4843842194023527e-07 -0.7820648442535775     1.0674582783118643e-05
1717277912186133248     -0.3467366140900753     9.839188905300175e-07   -4.905080689980404e-07  -0.8156956080492761     1.0067960813754711e-05
1717277912215594296     -0.37563664905382604    1.1524635081222605e-06  -5.92535539089953e-07   -0.8496515860076885     1.2224088441464103e-05
1717277912256019416     -0.40569194487604726    1.331219599891785e-06   -6.677601148265562e-07  -0.8840019681453325     1.2899810037961225e-05
1717277912288572243     -0.4369025184969021     1.519939563836994e-06   -6.022529501860856e-07  -0.9179323116266488     1.1352952558005373e-05
1717277912325035111     -0.46873252286727746    -3.365985038887955e-05  0.0037014681175742037   -0.9366709553777316     0.2377506620641913
1717277912357506116     -0.5011463469655751     -0.00035450155906894957 0.01798996804452488     -0.9537952399026969     0.5590754426754198
1717277912395531166     -0.5341457478497778     -0.001305974803052605   0.040590863001128075    -0.9711403773010697     0.7278583532479338
1717277912427495451     -0.5677037333783078     -0.0031174745739624044  0.06818171175933521     -0.9886977468210449     0.8890860414574426
1717277912461536447     -0.6016453458509976     -0.005993783804706725   0.10204283249956032     -1.0019576006904858     1.0822554916514553
1717277912497225878     -0.6354644749829631     -0.010091602890489276   0.1388214426418561      -1.0020730876052535     1.0418145614434107
1717277912526511238     -0.6691158344354762     -0.01537563055047319    0.17215035310277285     -1.0015090983026238     0.9422358680891972
1717277912559685342     -0.7025775660378548     -0.021749205839741787   0.20472058648941133     -1.0018566443567514     0.990080310802548
1717277912602183430     -0.7358079198086205     -0.029244926081791946   0.23940689544981386     -1.001597089315679      1.0334266255232054
1717277912637402015     -0.7687569039099842     -0.037894466139033814   0.27399246757123047     -1.00204607011353       0.9959552850901648
1717277912668823331     -0.8013926775856665     -0.04765535039623971    0.30740878399692473     -1.0014596252340613     0.9807583459387262
1717277912702203742     -0.8336835157056676     -0.058502691714949914   0.34118065750955573     -1.0014588128440576     1.0060184264099674
1717277912732413580     -0.8654652410829944     -0.07040029291714699    0.37617848981956886     -0.9961846066407778     1.0635798592009402
1717277912767898345     -0.8967891324059237     -0.08341766607435286    0.4130018620701187      -1.0008841036286613     1.0745412235089968
1717277912806606168     -0.9276107143736515     -0.09758537245506282    0.4487991942116025      -1.001214229620776      1.0348103990594735
1717277912845162415     -0.9579844226345842     -0.112866554692087      0.4835586363552388      -1.0016822584537264     1.012271207937134
1717277912875780826     -0.9878554538365608     -0.1292071937158748     0.5177488974538471      -1.0019681032187058     1.00064680310554
1717277912914756653     -1.0171745575346707     -0.14656730511966579    0.5516525038646438      -1.0021233855648572     0.9944317000961445
1717277912944459783     -1.0459033988951794     -0.16491663133355627    0.5853752364451513      -1.0022415716206337     0.9900429837795633
1717277912981194930     -1.0740064526251911     -0.18422778757968805    0.6189970726946664      -1.0023141578344412     0.9885764133463878
1717277913014929660     -1.1014276751826266     -0.2044568280427356     0.6526422122922617      -1.0010329453519065     0.996803603653106
1717277913046289865     -1.1281331082328108     -0.2255923396341702     0.6868843204966717      -0.9990342656912793     1.017409543270988
1717277913083162590     -1.154050198220485      -0.24761227797945395    0.7218106476161268      -0.9987605018197905     1.0344471617622737
1717277913123612998     -1.179150797240974      -0.27051132863580013    0.7571419781564422      -0.9977839131122639     1.0430305587010673
1717277913156606555     -1.203405385441071      -0.2942658221549454     0.7926983094409498      -0.9973706583474253     1.049557796070026
1717277913187913800     -1.226784796065849      -0.31886130002844687    0.8285107148488178      -0.9962462230038345     1.0579058675372834
1717277913226009983     -1.2492510834820991     -0.3442669185632705     0.8645962252664553      -0.9960535797964452     1.0647029509141117
1717277913261470742     -1.2707719424210286     -0.3704557291904644     0.9008655255702516      -0.9958353948284273     1.0690518527650763
1717277913293001046     -1.291323877819428      -0.3974096932110555     0.9373077986442331      -1.0010267542780071     1.0678544604142601
1717277913328960995     -1.31090875202089       -0.4251232389777646     0.9731323043590083      -1.0004815130524256     1.0369465193430607
1717277913368226163     -1.3295667549732157     -0.4536075587914654     1.0076852651274428      -1.0018908806896625     0.9930931108999371
1717277913399508678     -1.3472651460190528     -0.4827194143937981     1.0410569601478301      -1.0015481629044685     0.9815115943654867
1717277913438197838     -1.3639789482612565     -0.5124061116607037     1.074899566623587       -1.0014968328753897     1.0084070447412408
1717277913474907389     -1.3796678861906024     -0.5426455192883527     1.109291216382548       -1.0016663834435116     1.0085725770068483
1717277913508010347     -1.3943128526761488     -0.5734034281940134     1.1432808719335648      -1.0016164273297985     0.9928628637779817
1717277913538699247     -1.4079098646515342     -0.6046380261594578     1.1770406314133575      -1.001480405391628      0.9965418377862569
1717277913577857797     -1.420440229194039      -0.636314305780239      1.2111071046446504      -1.0015084632741849     1.0055172062278734
1717277913612994618     -1.4318821000345132     -0.6683989240223107     1.2452302539190796      -1.00154105703525       1.0002203529988822
1717277913651306438     -1.4422265862013208     -0.7008534314942686     1.2791299901656468      -1.001630395342135      0.9961481734721759
1717277913690601878     -1.4514653618971758     -0.7336490410119357     1.313014749233952       -1.0017149096185447     0.9970572734570975
1717277913726636520     -1.4595872203928058     -0.7666865158330167     1.3469960303162742      -0.9990171239450786     1.0124705666661895
1717277913758546656     -1.4665645842327004     -0.7999517243843005     1.3820333985273292      -0.9980581016375641     1.042344762073787
1717277913790935756     -1.472329803971787      -0.8333614621073466     1.4179031283381158      -0.9961030811521926     1.0680986276638462
1717277913820883415     -1.4768703835709076     -0.8669152675380438     1.454576210649017       -0.997897185256914      1.0821186664733813
1717277913852393265     -1.4801768944431155     -0.9006151621356517     1.4911854221592755      -0.9988698890120191     1.068691277996891
1717277913887329266     -1.482256166071029      -0.9344208316287317     1.5274113588859295      -0.9984105451910097     1.0642387379262932
1717277913924904428     -1.4831094718671753     -0.9682779044095934     1.5637447825266626      -0.9981804954072392     1.0715602731407599
1717277913957611259     -1.4827287627730188     -1.002139318196426      1.6002441906363147      -0.9984966275466762     1.0724972896149676
1717277913991939884     -1.4811129607953464     -1.0359649663606605     1.6366678213237131      -0.9985398007603605     1.0688026781049158
1717277914025892988     -1.4782633479918899     -1.0697427620767923     1.6729598743484204      -1.000241549026988      1.0587346659654873
1717277914063574979     -1.4741917789610839     -1.1034375257793716     1.70825821141087        -0.9974557298562615     1.0273510136895834
1717277914099088789     -1.4689548115725573     -1.1369037322254643     1.7439597591262004      -0.9969816489710961     1.0764794741024197
1717277914140755689     -1.4625017212171816     -1.1701360519644854     1.781050591537483       -0.9992894223399729     1.0917209621440631
1717277914177022389     -1.4548210058741256     -1.203115589202838      1.817691065004261       -1.0000333194753317     1.0623915637805867
1717277914207835038     -1.4459479139370772     -1.235855836048316      1.8535597662262657      -1.001210323142608      1.0439064093962125
1717277914247846167     -1.4358918520602706     -1.268314667950264      1.88856002129415        -1.0014641799052746     1.0175082039526884
1717277914283938894     -1.4246981165608212     -1.300454072817494      1.9228957932906299      -1.0017823607405245     1.0038846841792533
1717277914314555437     -1.4124029714249187     -1.3322204972424057     1.9568767738649049      -1.001972699287339      0.9957142312099903
1717277914349049849     -1.3990320487067303     -1.363570376412115      1.9906303062930113      -1.0021107953301795     0.9907867898993158
1717277914379683541     -1.3846083401442815     -1.394460955470942      2.0242818607283333      -1.002184024637756      0.9893235721651505
1717277914413656353     -1.3691522282173365     -1.424853186458195      2.057891206625116       -1.0022387367449854     0.9878425417216903
1717277914446446208     -1.3526821085479275     -1.4547144017644908     2.0914441640781853      -1.0023023481556437     0.9865469456936922
1717277914480210736     -1.3352187630975931     -1.4840088026246883     2.1249856105417875      -1.0023345226032088     0.9869375400857036
1717277914513940344     -1.316782825712646      -1.512701736008387      2.1585338099827878      -1.0023673277295613     0.9866247262547715
1717277914548336243     -1.2973941428484126     -1.5407631378982634     2.192060023534099       -1.002414553947509      0.9860877240693708
1717277914585026017     -1.277075563418549      -1.5681605064853925     2.2255871219443435      -1.0024436672896848     0.9865104138623856
1717277914618738591     -1.2558503073180862     -1.5948621977137765     2.2591230847515598      -1.0024754278117107     0.9864512970134245
1717277914655359650     -1.233747932163075      -1.6208298704026896     2.292689137165413       -1.00294884483212       0.9917802270395252
1717277914687661546     -1.2107984214809586     -1.6460201461407933     2.326685846820755       -0.9997444146375705     1.0084721343191594
1717277914721727772     -1.1870325985383154     -1.6703748600220347     2.361286939135545       -0.9992774201754067     1.025626501101215
1717277914753733610     -1.1624598175007075     -1.6938578995941798     2.396420365660475       -1.001756944839484      1.0391308435195932
1717277914787255670     -1.1370909790302395     -1.7164418998156878     2.4318675650897874      -1.0008023777822406     1.0461341984796757
1717277914822440901     -1.1109400221642625     -1.7381073733026722     2.4674811919473876      -0.996686388819562      1.05221422227537
1717277914857255393     -1.0840522978036535     -1.7588066985629938     2.503403603648655       -0.9964440321677825     1.0606595083997112
1717277914890481240     -1.0564602162846297     -1.7785043419627076     2.53957408676   -0.9959430369823212     1.0682845564848686
1717277914923600814     -1.0281878334170524     -1.7971752031618136     2.576103187317855       -0.9956275578400215     1.0796825010629265
1717277914957673264     -0.9992281978917956     -1.814821678267471      2.6124329480402664      -1.0006647353224314     1.056186432249261
1717277914991447101     -0.9696019448585235     -1.8314573989279017     2.647758891660188       -1.0013727023972088     1.0230387149681643
1717277915024377172     -0.9393459049382599     -1.8470876612718756     2.682026713783992       -1.0020046226227315     0.9955351127748354
1717277915059354054     -0.9085229678968791     -1.8616848918181814     2.7155357037981247      -1.0027166770004288     0.9786492641144454
1717277915093821601     -0.8772111396576989     -1.8752497007012718     2.7487281397926373      -1.002361872557859      0.9765847396551184
1717277915129825276     -0.8454778653506635     -1.887772608778424      2.782069884837524       -1.001694814330726      0.9862571656183752
1717277915164502660     -0.8133692420890777     -1.8992342344574467     2.815774815880199       -1.001532480536689      0.9955480263986579
1717277915198699449     -0.7809083586516691     -1.9095992976996354     2.849692329570184       -1.0014685073157361     0.9989018667159195
1717277915230916713     -0.7481150573404499     -1.9188626697724602     2.8835908192829134      -1.0018990977144724     0.9938658205514119
1717277915266010117     -0.7150116280765049     -1.9270133834027066     2.9172554874187746      -1.001898280382915      0.9868691943705492
1717277915298315959     -0.6816384863333207     -1.9340540624235083     2.9507133925756195      -1.0019776856223932     0.9815532831224227
1717277915333820635     -0.6480380084622661     -1.939978841574225      2.9840185784317237      -1.0020249002980237     0.9779920554526972
1717277915368075724     -0.6142524197516275     -1.9447842321814508     3.017226795839832       -1.0020312905874507     0.9756618181094728
1717277915402137675     -0.580322733171426      -1.9484609008128226     3.050377625393428       -1.0020400763073811     0.9748835372994435
1717277915439146984     -0.5462911708678156     -1.9510096852884722     3.0835388993748847      -1.0020477355745594     0.975793235630663
1717277915470870488     -0.5121957763853521     -1.9524310999568915     3.116721357573446       -1.0020030082442406     0.9759417204438896
1717277915504742206     -0.47807327525734034    -1.9527205219221606     -3.133274817700168      -1.0019753205751065     0.9765688274936691
1717277915537097305     -0.44396354772024554    -1.9518764921116318     -3.100049414439271      -1.0019222238324366     0.9776291495682965
1717277915569024363     -0.4099027212347216     -1.9498995226398868     -3.066812503346254      -1.0018885874709857     0.9773095088350832
1717277915605381237     -0.3759268237108788     -1.9467914604298238     -3.03358039638046       -1.001859109663384      0.97781053633587
1717277915642413286     -0.34207662648940623    -1.9425552258605339     -3.0003115352586733     -1.001806514368811      0.9789341682379162
1717277915677253590     -0.3083881596627756     -1.9371949327338407     -2.9670324059203903     -1.001778154741867      0.9785111693727158
1717277915711235346     -0.2748969381219635     -1.9307159776419294     -2.933761877229061      -1.0017498675347651     0.9789109685006327
1717277915746447436     -0.24164339966670867    -1.9231255604305857     -2.900456843099623      -1.0016989036179471     0.9800157859032377
1717277915782412419     -0.2086632136056947     -1.9144315624530464     -2.867139756818245      -1.002079507584517      0.9799187574887722
1717277915814064862     -0.17599214321090867    -1.9046465081257187     -2.8338057272499166     -1.0020873019118695     0.981906151079395
1717277915846264057     -0.14367037936042693    -1.8937758372558273     -2.8003942622703764     -1.001949089184294      0.9846684404833044
1717277915881340092     -0.11173794033605157    -1.8818200750484702     -2.7669058122772094     -1.0019914390135949     0.9850948777293719
1717277915913530072     -0.08022198713325693    -1.8688080919711794     -2.733411691012829      -1.0020235392601773     0.985423750304374
1717277915949845934     -0.049159928859586484   -1.8547469188387011     -2.699901712283033      -1.0020485231065202     0.9858154310618241
1717277915986083612     -0.01858614044805488    -1.8396519817703687     -2.6663866065371513     -1.002082181613903      0.985841303383782
1717277916018980000     0.011465264483615616    -1.8235398874831328     -2.6328678354695927     -1.0021137088730732     0.9860058662308877
1717277916052151101     0.040960590996563136    -1.8064288018122656     -2.5993491848505634     -1.002148887706233      0.9858321575616441
1717277916085482859     0.06986700209038127     -1.7883379852638241     -2.5658324876345118     -1.0021829085137064     0.9860616773379217
1717277916120190040     0.09815094989312109     -1.7692881632897608     -2.532302172792948      -1.0022092970469378     0.986343934034824
1717277916156851227     0.12578177445602987     -1.7493000169530326     -2.498780015845287      -1.0022514824149107     0.9857655494210403
1717277916191374916     0.15272891031370703     -1.7283961387117883     -2.4652651788482327     -1.002284624922479      0.9861577022693137
1717277916225822144     0.1789600409404264      -1.7066012306088254     -2.4317276435352557     -1.002306807539955      0.9866047062837702
1717277916262168147     0.20444738363177908     -1.6839382663432725     -2.3982014768744535     -1.0023526116847856     0.985783780587571
1717277916294780693     0.22916305003399318     -1.6604327600686986     -2.36468701400282       -1.0023848391515087     0.9862149342899554
1717277916329332609     0.2530768465856072      -1.6361129894063187     -2.3311456347244484     -1.0024054721532816     0.9867730763324589
1717277916361997932     0.27615671324025864     -1.6110148834789366     -2.297594958155718      -1.0022974852914848     0.9900159832586183
1717277916397785385     0.2983705153685734      -1.585161882159636      -2.2637777097208165     -1.0021263934082234     1.001326342570513
1717277916431702468     0.31967415990772596     -1.558588574819521      -2.2295403460332244     -1.0022203649006258     1.0135193463356837
1717277916465150799     0.3400320726419112      -1.5313242802536668     -2.194931795818347      -1.0017194143512618     1.0235882551615743
1717277916500954850     0.3594223840529932      -1.5033790397774083     -2.160042789991834      -1.001958319258536      1.02967042485805
1717277916532462906     0.3778187009679251      -1.4747797236312057     -2.125005228981607      -1.0020763051647532     1.0302276432805666
1717277916568888696     0.39519742877409764     -1.4455622445137988     -2.089965797148544      -0.9981042362887922     1.032267648100884
1717277916603994186     0.41152658156360283     -1.4157732074065876     -2.0545859696056836     -0.9969913231825249     1.047837474327421
1717277916639803503     0.4267592941482077      -1.385470970020899      -2.0187168633549186     -0.9960125568665025     1.065216403446491
1717277916674836120     0.44088148536515914     -1.3546441832878928     -1.9821966661607455     -1.0014343689182228     1.072780364581434
1717277916706643984     0.45388142457620706     -1.3233068961460972     -1.946204513889261      -1.000426607739399      1.043623229503651
1717277916741794546     0.46579098768820926     -1.2914612463109105     -1.9112036777357602     -1.001622190021027      1.0173444269764937
1717277916775258608     0.47661564775983317     -1.2591551063748283     -1.877187573542833      -1.0018465652777238     0.9876906952274103
1717277916809288069     0.4863472045159444      -1.2264831280839361     -1.8436558420502016     -1.0030062251122904     0.986978881012717
1717277916844175587     0.4949804505118059      -1.193479276036202      -1.8101469872667204     -1.0032984912490546     0.9835917733020181
1717277916878463409     0.5025184518025692      -1.1601970386498464     -1.776817670464254      -1.003810778975914      0.9773970879191414
1717277916912368087     0.5089521770341326      -1.126671272185864      -1.7436887893462778     -1.0034138828186296     0.9709103441428708
1717277916948362570     0.5142832271182453      -1.092931433176843      -1.7108520171113437     -1.0036201517768726     0.9607796933449628
1717277916981474386     0.5185077409252579      -1.0590149233739667     -1.6783080316761314     -1.0032970349631056     0.955163694604425
1717277917018672943     0.5216290112299619      -1.0249773832587619     -1.6458091988691834     -1.0027563445723633     0.957369134190891
1717277917054002052     0.523641412517177       -0.9908617894450379     -1.6132121552322978     -1.0021901509748508     0.9607140168163905
1717277917086802479     0.5245397326922496      -0.9567140058255331     -1.580448122289924      -1.002117875021141      0.9669182925622996
1717277917121310279     0.5243150231185651      -0.9225706740831017     -1.5474880127228368     -1.0021263634146842     0.9713897695083544
1717277917156817558     0.5229629430319903      -0.8884615006688303     -1.5144211235055893     -1.0020812653714224     0.9736330894372489
1717277917191231204     0.5204829449942728      -0.8544225667506867     -1.4812777027668629     -1.0020106797194572     0.9759117278369835
1717277917227251687     0.5168757915150879      -0.8204907055343399     -1.4480698305098314     -1.0019405361756448     0.9771724062156186
1717277917260682750     0.5121437742240327      -0.7867004341035494     -1.4148350928500069     -1.0019094947700187     0.9778197344328025
1717277917292221610     0.5062911580584533      -0.7530889718766614     -1.3815750088033039     -1.0018656615259944     0.9785909696573467
1717277917323848493     0.4993238338728846      -0.7196934427319174     -1.348294140810531      -1.001826134813344      0.9790536157181738
1717277917359432246     0.491248736829998       -0.6865506417410373     -1.3149952048591729     -1.0017869366744083     0.9797240747478042
1717277917393621251     0.4820741955860496      -0.6536977033727682     -1.2816763990086435     -1.0017487873635214     0.980053586830117
1717277917428432195     0.471809875502014       -0.6211700585300779     -1.248355455737717      -1.0017204787849736     0.9801342864265032
1717277917462108310     0.4604669839228726      -0.5890049304871501     -1.2150154174875742     -1.0020477274907718     0.9812023961389327
1717277917495186040     0.44806106222925707     -0.5572487611141721     -1.1815631259053903     -1.0022568413470805     0.9868552047353136
1717277917532254551     0.4345930807476092      -0.5259214514792636     -1.1480202784081126     -1.0018663670146863     0.9851074818054405
1717277917567579870     0.4200845932938076      -0.4950688814189959     -1.1145310349619761     -1.0020244416942317     0.9855927579719822
1717277917598068633     0.40454914534695924     -0.4647177691068621     -1.0810154826053626     -1.0020485623476751     0.9857132119961531
1717277917629927208     0.38800387911251244     -0.4349025087700896     -1.0475164291841121     -1.0020956262574092     0.9852236993585823
1717277917663910226     0.3704682078917112      -0.40565788669974717    -1.014006611430657      -1.002117623895063      0.9861853358168434
1717277917698068064     0.35196212398277843     -0.3770182808745354     -0.9804745646497145     -1.0021439600851432     0.9861355183522013
1717277917734263267     0.33250485659168055     -0.3490130100676434     -0.9469627653017549     -1.002192000316191      0.985555192695097
1717277917766877283     0.31211931541912025     -0.32167457942253586    -0.913446213432678      -1.0022172198881414     0.9862711987073474
1717277917801621591     0.290828913516125       -0.29503507283735864    -0.879912550783444      -1.0022458385283917     0.9862576031857213
1717277917836626683     0.2686562283103917      -0.26912242209780146    -0.8463925266479313     -1.0022883586378217     0.9858728384604873
1717277917869143149     0.2456366386960797      -0.2439814486868111     -0.8127807102429973     -1.0020103789565078     0.9929362925863245
1717277917904835767     0.22179124369804962     -0.2196363966832538     -0.7788974634281662     -1.0013094162420333     1.0016773281560658
1717277917938024567     0.19714073019039408     -0.19612770264579438    -0.7447641625776391     -1.0024546949409125     1.007654042214824
1717277917973632247     0.17171172164453763     -0.17348759285425372    -0.7104160856433727     -1.0025278185013788     1.0129161429523459
1717277918005068922     0.14552361802878802     -0.15173915586247197    -0.6759560419030586     -1.0022043598005492     1.0131015316819392
1717277918041960853     0.11860573346814601     -0.13090967112504007    -0.6414568951598667     -1.0021740810164934     1.0137857362635267
1717277918077692129     0.09098355253996901     -0.11102065778147975    -0.6069598953750692     -1.0022130141126078     1.0117356091350824
1717277918110393819     0.06268487476521356     -0.09208883333280718    -0.5725823019255059     -1.0023023235331927     1.0079812378495134
1717277918146768404     0.033745845409007456    -0.07413264106941644    -0.5383343255454371     -1.0024894217946458     1.005770788479041
1717277918178901347     0.00421710531587031     -0.05717977070618879    -0.50414928969837       -1.0017028391262293     1.010493346464682
1717277918210571536     -0.02585529205681048    -0.04126641487335231    -0.46943178838391564    -0.9978568974968238     1.0316827461455855
1717277918244787491     -0.05642001598160746    -0.026432851760232252   -0.43403822323137947    -1.0011526516497091     1.0462034780809748
1717277918279771308     -0.08748422035443823    -0.012697800117919574   -0.3985027714933799     -1.0012419584139056     1.0395106502354636
1717277918314784934     -0.1190373731336036     -6.3444433440846e-05    -0.36339002410905513    -1.0013067288551933     1.023005288502736
1717277918350376629     -0.15105385495708507    0.011494768470368531    -0.3289126852307575     -1.0015623022330922     1.0062751976534745
1717277918384252363     -0.1834806048911558     0.021950955188564127    -0.29491690388031827    -1.0017183055895844     0.9949583398072956
1717277918419493845     -0.21626272477100966    0.031304890898281555    -0.26119738186134756    -1.0017801568968319     0.990176211333178
1717277918455856558     -0.24934567508095698    0.03955102824464848     -0.22754092605145462    -1.0017643923797803     0.9904293734366088
1717277918488647984     -0.2826842723440938     0.046682487531317506    -0.19385343822888926    -1.0017947654122965     0.991418310786746
1717277918523014261     -0.3162416068176274     0.052692862093873236    -0.16014408730853677    -1.0017365502426772     0.9918663506872218
1717277918557926156     -0.3499812512804354     0.057570346712854034    -0.12643547416295983    -1.0018692956599928     0.9898957494174497
1717277918589683305     -0.3838768247234836     0.06130890587899127     -0.09290223311300187    -1.001959718181539      0.9830072007994297
1717277918624259929     -0.4178910063796873     0.06390953471648111     -0.05953785474980058    -1.0020519502388328     0.9800469777971937
1717277918661774875     -0.45197841458065435    0.06537917124008245     -0.02624264624451891    -1.0020406137420983     0.9785155136017026
1717277918697819267     -0.4860981634652527     0.06571448803330159     0.007013767264563973    -1.0020316587765878     0.9779357737620112
1717277918736805576     -0.5202094880714029     0.064915046709427       0.04027013280273243     -1.0019936216906984     0.9782078308351377
1717277918768548403     -0.5542745346938605     0.06298193331980038     0.07352438141855788     -1.0019670586457743     0.9777904780197197
1717277918802377020     -0.5882563351934373     0.059917425675271946    0.10676978372467795     -1.0019365594814311     0.9780468528047671
1717277918836613620     -0.6221145593149497     0.055724359467999494    0.14004274270088826     -1.0018880873774139     0.9789806953825417
1717277918869577956     -0.6558126742236258     0.05040700225100948     0.17332400611851193     -1.001859328192989      0.9785659547277104
1717277918904894573     -0.6893053994552717     0.04397237209808604     0.20671306619439467     -1.0019751719588585     0.9837493709799847
1717277918938171038     -0.722541644959797      0.03642071681607152     0.24035524275440925     -0.9980459750953321     0.9930006265867483
1717277918971471051     -0.7554787762480258     0.027755643876353767    0.274244188846388       -1.00088018975677       0.9996982204722414
1717277919006592757     -0.7881207127386365     0.017973466630500992    0.30815313163287866     -1.001663630846949      0.9939997193868952
1717277919042716268     -0.8204119888237149     0.007083512793673002    0.34189207257884324     -1.0019458739325815     0.9906408861432853
1717277919075183203     -0.8523295013559855     -0.004884826522900957   0.37550140784599567     -1.001885315862542      0.9870317356800402
1717277919109921301     -0.8838346821590712     -0.017921733858555534   0.40903011403016787     -1.0019991960063432     0.9858715486806607
1717277919149503434     -0.914887231625374      -0.03200899827572848    0.44254751376022605     -1.0020616853538007     0.9859073823040183
1717277919181281023     -0.9454511456340988     -0.0471293028881681     0.4760616010999499      -1.0021655459669485     0.9856603673169393
1717277919213925869     -0.9754929066820726     -0.06326697205021731    0.5095727906389858      -1.0022022382504305     0.9858171728865196
1717277919246212132     -1.0049774708664074     -0.0804026150969652     0.5430932734485834      -1.002231142218136      0.9860396807341946
1717277919282440243     -1.0338720424395453     -0.09851716638407731    0.5766163862837227      -1.0022653819510867     0.9860902509186716
1717277919316260749     -1.0621441015230448     -0.11759039615506121    0.610144855574599       -1.0022955996468979     0.9862764494113468
1717277919352919913     -1.0897621911155864     -0.13760104486830113    0.6436713191297099      -1.0023325679978612     0.9859999689262394
1717277919386341933     -1.1166957004349523     -0.15852661971006937    0.677193790812318       -1.0023666136434197     0.9862446748529291
1717277919419436463     -1.14290018832544       -0.18033228711325353    0.7108237601376837      -1.0015815255645808     0.9927915145962524
1717277919452886987     -1.1683518412973442     -0.2030065838419911     0.744647540177517       -1.0015227242317937     0.9979613620372814
1717277919486261392     -1.1930054250669084     -0.2265185274213961     0.7786690522557373      -1.001971975511379      1.0055815391170115
1717277919520795618     -1.2168357474098792     -0.25085114752140375    0.812952196624809       -1.002489706763992      1.0115941328964417
1717277919553719590     -1.2398022651394793     -0.2759738054755631     0.8473874101256041      -1.0011616391022455     1.0156640280644882
1717277919588115327     -1.2618702997296078     -0.30185736187344625    0.8822194424929231      -0.9974635694134928     1.0348250107282866
1717277919628257878     -1.282980720627178      -0.32845408862414566    0.9176406298537677      -0.9966227066850781     1.049000463091985
1717277919660769701     -1.3030913749442188     -0.35574298414760536    0.9537776707410145      -1.0000372406914935     1.0757832564159129
1717277919694174107     -1.32220327789069       -0.3837661436389324     0.9901350215657472      -1.00067391910573       1.0578940101586465
1717277919727293698     -1.3403170630987324     -0.4124843784647434     1.0256167978565478      -1.0006804431264402     1.0296370038543847
1717277919758011581     -1.3574527304628308     -0.4418898984036001     1.0602061565745058      -1.0017639884456728     1.0041092280888335
1717277919792891926     -1.3735952700243559     -0.4718913415118614     1.0939412359482383      -1.0016811014100748     0.9870204734775523
1717277919826328850     -1.388732566358466      -0.5024388019080501     1.127575764769412       -1.0024973932201633     0.9904620240794746
1717277919859494648     -1.4028352361694139     -0.5334884281296405     1.161191920460342       -1.0027502329183693     0.9861854218856162
1717277919894628559     -1.4158953943285162     -0.5650062434450408     1.194579648622501       -1.003537699157187      0.9778667176018498
1717277919931037862     -1.427909420775442      -0.5969582839287829     1.227678878442268       -1.003689815426183      0.9696752805064026
1717277919963397834     -1.4388694942923677     -0.6293067526071077     1.2605202853659028      -1.003745726846668      0.9631864459561921
1717277919997978000     -1.4487678893522737     -0.6620080487942251     1.2931894685819227      -1.0037202257902822     0.9593971380323267
1717277920031414543     -1.4575954671375646     -0.6950208700825169     1.32576484593355        -1.0035569102308832     0.9576440573122493
1717277920065699523     -1.4653467862240865     -0.7283044713785423     1.3582813682160793      -1.0034421744387176     0.9552019957740386
1717277920099435833     -1.4720107446203106     -0.7618226340050601     1.390765266439677       -1.0028200623464052     0.9566710598631444
1717277920136246060     -1.4775808191261823     -0.7955376784142519     1.4233411289455127      -1.002688661910149      0.9592340657881147
1717277920171295300     -1.4820480803450542     -0.8294122132687055     1.4559616421250168      -1.0024451088063742     0.9599925523694638
1717277920207054233     -1.4854068479442666     -0.8634066369321296     1.4886370139587803      -1.002011408230374      0.962412359556534
1717277920240507159     -1.4876508666381532     -0.8974843974845019     1.5214096951929137      -1.0017734159881508     0.9658054396156425
1717277920274027188     -1.4887711315331695     -0.9315892469170851     1.5543790942188564      -1.0019563149482011     0.9759439150758533